,,0.5,0.45,0.48,0.5,0.51,0.52,0.53,0.54,0.55,0.56,0.58,0.6,0.62,0.64,0.66,0.68,0.7
clip     | alpha=0.0449013671875,0,0.0,0.0,0.0,0.0,0.0,0.0,0.0,0.0,0.0,0.0,0.0,0.0,0.0,0.0,0.0,0.0,0.0
clip     | alpha=0.0449013671875,1,0.0,0.0,0.0,0.0,0.0,0.0,0.0,0.0,0.0,0.0,0.0,0.0,0.0,0.0,0.0,0.0,0.0
clip     | alpha=0.0449013671875,2,0.0,0.0,0.0,0.0,0.0,0.0,0.0,0.0,0.0,0.0,0.0,0.0,0.0,0.0,0.0,0.0,0.0
clip     | alpha=0.0449013671875,3,0.0,0.0,0.0,0.0,0.0,0.0,0.0,0.0,0.0,0.0,0.0,0.0,0.0,0.0,0.0,0.0,0.0
clip     | alpha=0.0449013671875,4,0.0,0.0,0.0,0.0,0.0,0.0,0.0,0.0,0.0,0.0,0.0,0.0,0.0,0.0,0.0,0.0,0.0
clip     | alpha=0.0449013671875,5,0.0,0.0,0.0,0.0,0.0,0.0,0.0,0.0,0.0,0.0,0.0,0.0,0.0,0.0,0.0,0.0,0.0
clip     | alpha=0.0449013671875,6,0.0,0.0,0.0,0.0,0.0,0.0,0.0,0.0,0.0,0.0,0.0,0.0,0.0,0.0,0.0,0.0,0.0
clip     | alpha=0.0449013671875,7,0.0,0.0,0.0,0.0,0.0,0.0,0.0,0.0,0.0,0.0,0.0,0.0,0.0,0.0,0.0,0.0,0.0
clip     | alpha=0.0449013671875,8,0.00390625,0.0016815125390625006,0.0028179280429055996,0.00390625,0.0045767944570401006,0.005345972853145602,0.006225969041136103,0.007230196133913604,0.008373393789062506,0.009671731157401607,0.012806308171801596,0.016796159999999997,0.021834010558489603,0.028147497671065606,0.03600406062696961,0.04571632396533763,0.05764800999999997
clip     | alpha=0.0449013671875,9,0.00390625,0.0016815125390625006,0.0028179280429055996,0.00390625,0.0045767944570401006,0.005345972853145602,0.006225969041136103,0.007230196133913604,0.008373393789062506,0.009671731157401607,0.012806308171801596,0.016796159999999997,0.021834010558489603,0.028147497671065606,0.03600406062696961,0.04571632396533763,0.05764800999999997
clip     | alpha=0.0449013671875,10,0.00390625,0.0016815125390625006,0.0028179280429055996,0.00390625,0.0045767944570401006,0.005345972853145602,0.006225969041136103,0.007230196133913604,0.008373393789062506,0.009671731157401607,0.012806308171801596,0.016796159999999997,0.021834010558489603,0.028147497671065606,0.03600406062696961,0.04571632396533763,0.05764800999999997
clip     | alpha=0.0449013671875,11,0.00390625,0.0016815125390625006,0.0028179280429055996,0.00390625,0.0045767944570401006,0.005345972853145602,0.006225969041136103,0.007230196133913604,0.008373393789062506,0.009671731157401607,0.012806308171801596,0.016796159999999997,0.021834010558489603,0.028147497671065606,0.03600406062696961,0.04571632396533763,0.05764800999999997
clip     | alpha=0.0449013671875,12,0.005859375,0.0023557149915996102,0.004114351683089026,0.005859375,0.00695669059420174,0.008232449208736375,0.009711126550580049,0.011419859956746107,0.013388637999021492,0.015650488958464215,0.02120182055585721,0.028405665791999993,0.037653125006376076,0.049398146843979016,0.06415884431308023,0.08251549241863437,0.10510385183199994
clip     | alpha=0.0449013671875,13,0.005859375,0.0023557149915996102,0.004114351683089026,0.005859375,0.00695669059420174,0.008232449208736375,0.009711126550580049,0.011419859956746107,0.013388637999021492,0.015650488958464215,0.02120182055585721,0.028405665791999993,0.037653125006376076,0.049398146843979016,0.06415884431308023,0.08251549241863437,0.10510385183199994
clip     | alpha=0.0449013671875,14,0.005859375,0.0023557149915996102,0.004114351683089026,0.005859375,0.00695669059420174,0.008232449208736375,0.009711126550580049,0.011419859956746107,0.013388637999021492,0.015650488958464215,0.02120182055585721,0.028405665791999993,0.037653125006376076,0.049398146843979016,0.06415884431308023,0.08251549241863437,0.10510385183199994
clip     | alpha=0.0449013671875,15,0.0076904296875,0.0029188847277345146,0.0052792661092122455,0.0076904296875,0.009231555965090094,0.011042260752322655,0.013162033674599935,0.015634745555792064,0.018508888884626495,0.021837785831627887,0.030098209208745584,0.040943932047359986,0.05498359764861363,0.07289966477728742,0.09543261493593819,0.12335373760136498,0.15742391745177992
clip     | alpha=0.0449013671875,16,0.0076904296875,0.0029188847277345146,0.0052792661092122455,0.0076904296875,0.009231555965090094,0.011042260752322655,0.013162033674599935,0.015634745555792064,0.018508888884626495,0.021837785831627887,0.030098209208745584,0.040943932047359986,0.05498359764861363,0.07289966477728742,0.09543261493593819,0.12335373760136498,0.15742391745177992
clip     | alpha=0.0449013671875,17,0.0076904296875,0.0029188847277345146,0.0052792661092122455,0.0076904296875,0.009231555965090094,0.011042260752322655,0.013162033674599935,0.015634745555792064,0.018508888884626495,0.021837785831627887,0.030098209208745584,0.040943932047359986,0.05498359764861363,0.07289966477728742,0.09543261493593819,0.12335373760136498,0.15742391745177992
clip     | alpha=0.0449013671875,18,0.0092010498046875,0.0033328567215238796,0.006200402155141052,0.0092010498046875,0.011145089455008802,0.01344922174743265,0.01616898780874749,0.01936617366090201,0.02310905028652617,0.02747252244515555,0.038394098744674914,0.052860300296454124,0.07169147652727333,0.09577156764455531,0.12600230039650137,0.16323591045847363,0.20818484511609045
clip     | alpha=0.0449013671875,19,0.0092010498046875,0.0033328567215238796,0.006200402155141052,0.0092010498046875,0.011145089455008802,0.01344922174743265,0.01616898780874749,0.01936617366090201,0.02310905028652617,0.02747252244515555,0.038394098744674914,0.052860300296454124,0.07169147652727333,0.09577156764455531,0.12600230039650137,0.16323591045847363,0.20818484511609045
clip     | alpha=0.0449013671875,20,0.0092010498046875,0.0033328567215238796,0.006200402155141052,0.0092010498046875,0.011145089455008802,0.01344922174743265,0.01616898780874749,0.01936617366090201,0.02310905028652617,0.02747252244515555,0.038394098744674914,0.052860300296454124,0.07169147652727333,0.09577156764455531,0.12600230039650137,0.16323591045847363,0.20818484511609045
clip     | alpha=0.0449013671875,21,0.010397911071777344,0.0036250950758895594,0.006899902819662523,0.010397911071777344,0.012690881383516858,0.015429359996190387,0.018685244463262467,0.022538654189110698,0.027078127046102733,0.03240063804407301,0.045823379548433706,0.06373669458926369,0.08716064001652732,0.11714839659930681,0.15469928692575044,0.20064052216765252,0.2554809549148295
clip     | alpha=0.0449013671875,22,0.010397911071777344,0.0036250950758895594,0.006899902819662523,0.010397911071777344,0.012690881383516858,0.015429359996190387,0.018685244463262467,0.022538654189110698,0.027078127046102733,0.03240063804407301,0.045823379548433706,0.06373669458926369,0.08716064001652732,0.11714839659930681,0.15469928692575044,0.20064052216765252,0.2554809549148295
clip     | alpha=0.0449013671875,23,0.010397911071777344,0.0036250950758895594,0.006899902819662523,0.010397911071777344,0.012690881383516858,0.015429359996190387,0.018685244463262467,0.022538654189110698,0.027078127046102733,0.03240063804407301,0.045823379548433706,0.06373669458926369,0.08716064001652732,0.11714839659930681,0.15469928692575044,0.20064052216765252,0.2554809549148295
clip     | alpha=0.0449013671875,24,0.011331677436828613,0.003828241569864063,0.0074229710590188605,0.011331677436828613,0.013920504072635172,0.017033446696878667,0.020758672345141598,0.025194658143227345,0.030450315145973666,0.0366448202259379,0.052374814780175645,0.07351203378875622,0.10126385758481551,0.13682228174713626,0.18122624693778572,0.2351848984149124,0.298874702264525
clip     | alpha=0.0449013671875,25,0.011331677436828613,0.003828241569864063,0.0074229710590188605,0.011331677436828613,0.013920504072635172,0.017033446696878667,0.020758672345141598,0.025194658143227345,0.030450315145973666,0.0366448202259379,0.052374814780175645,0.07351203378875622,0.10126385758481551,0.13682228174713626,0.18122624693778572,0.2351848984149124,0.298874702264525
clip     | alpha=0.0449013671875,26,0.012780696153640747,0.0041403318873254125,0.008233369677184292,0.012780696153640747,0.01582786940436358,0.019518685806894184,0.023964634727098824,0.029289867124980367,0.035630947280142766,0.043136102300673156,0.06228106962164826,0.08807463102256782,0.12188863413925848,0.1649586712065529,0.2181755367659506,0.2818435309659046,0.3554389754519123
clip     | alpha=0.0449013671875,27,0.012780696153640747,0.0041403318873254125,0.008233369677184292,0.012780696153640747,0.01582786940436358,0.019518685806894184,0.023964634727098824,0.029289867124980367,0.035630947280142766,0.043136102300673156,0.06228106962164826,0.08807463102256782,0.12188863413925848,0.1649586712065529,0.2181755367659506,0.2818435309659046,0.3554389754519123
clip     | alpha=0.0449013671875,28,0.012780696153640747,0.0041403318873254125,0.008233369677184292,0.012780696153640747,0.01582786940436358,0.019518685806894184,0.023964634727098824,0.029289867124980367,0.035630947280142766,0.043136102300673156,0.06228106962164826,0.08807463102256782,0.12188863413925848,0.1649586712065529,0.2181755367659506,0.2818435309659046,0.3554389754519123
clip     | alpha=0.0449013671875,29,0.013722721487283707,0.00432111030721866,0.008738336778026429,0.013722721487283707,0.01709216577412613,0.021196309991050308,0.026165972031657693,0.03214679972305803,0.039298693024635414,0.04779451312373544,0.06956043213323787,0.09898099291648224,0.13755740039453707,0.1865365818146217,0.24663662212334628,0.317750470002812,0.39868419635843383
clip     | alpha=0.0449013671875,30,0.013722721487283707,0.00432111030721866,0.008738336778026429,0.013722721487283707,0.01709216577412613,0.021196309991050308,0.026165972031657693,0.03214679972305803,0.039298693024635414,0.04779451312373544,0.06956043213323787,0.09898099291648224,0.13755740039453707,0.1865365818146217,0.24663662212334628,0.317750470002812,0.39868419635843383
clip     | alpha=0.0449013671875,31,0.013722721487283707,0.00432111030721866,0.008738336778026429,0.013722721487283707,0.01709216577412613,0.021196309991050308,0.026165972031657693,0.03214679972305803,0.039298693024635414,0.04779451312373544,0.06956043213323787,0.09898099291648224,0.13755740039453707,0.1865365818146217,0.24663662212334628,0.317750470002812,0.39868419635843383
clip     | alpha=0.0449013671875,32,0.01440860633738339,0.004438387326133492,0.009090729976531334,0.01440860633738339,0.018030729873218777,0.022464607728509257,0.02785880771660571,0.03437895272942967,0.042206835834283155,0.05153859322496491,0.07555112755994915,0.10812888455025765,0.15088894261356353,0.20506978355524189,0.2711891866343803,0.34869791523062904,0.4357125215854084
clip     | alpha=0.0449013671875,33,0.01440860633738339,0.004438387326133492,0.009090729976531334,0.01440860633738339,0.018030729873218777,0.022464607728509257,0.02785880771660571,0.03437895272942967,0.042206835834283155,0.05153859322496491,0.07555112755994915,0.10812888455025765,0.15088894261356353,0.20506978355524189,0.2711891866343803,0.34869791523062904,0.4357125215854084
clip     | alpha=0.0449013671875,34,0.015436504152603447,0.004612386363414388,0.009617997257724224,0.015436504152603447,0.019436741520168548,0.024362294467669653,0.030386634185239816,0.03770274808208202,0.04652152641762361,0.05706884061011139,0.08429921767701427,0.12128994782486789,0.169717385380358,0.23066693583165143,0.304216894722625,0.38906639717494523,0.4823260618335826
clip     | alpha=0.0449013671875,35,0.015436504152603447,0.004612386363414388,0.009617997257724224,0.015436504152603447,0.019436741520168548,0.024362294467669653,0.030386634185239816,0.03770274808208202,0.04652152641762361,0.05706884061011139,0.08429921767701427,0.12128994782486789,0.169717385380358,0.23066693583165143,0.304216894722625,0.38906639717494523,0.4823260618335826
clip     | alpha=0.0449013671875,36,0.015436504152603447,0.004612386363414388,0.009617997257724224,0.015436504152603447,0.019436741520168548,0.024362294467669653,0.030386634185239816,0.03770274808208202,0.04652152641762361,0.05706884061011139,0.08429921767701427,0.12128994782486789,0.169717385380358,0.23066693583165143,0.304216894722625,0.38906639717494523,0.4823260618335826
clip     | alpha=0.0449013671875,37,0.01608920586295426,0.00471083038731244,0.00993889852766665,0.01608920586295426,0.020347032302856276,0.0256134959268285,0.03208195404227685,0.03996757189329321,0.04950513841207579,0.06094523614214308,0.09057796954646959,0.13091733114670084,0.18368866462224204,0.24984076684916792,0.3290653857415257,0.4194098512792749,0.5171344744073909
clip     | alpha=0.0449013671875,38,0.01608920586295426,0.00471083038731244,0.00993889852766665,0.01608920586295426,0.020347032302856276,0.0256134959268285,0.03208195404227685,0.03996757189329321,0.04950513841207579,0.06094523614214308,0.09057796954646959,0.13091733114670084,0.18368866462224204,0.24984076684916792,0.3290653857415257,0.4194098512792749,0.5171344744073909
clip     | alpha=0.0449013671875,39,0.01608920586295426,0.00471083038731244,0.00993889852766665,0.01608920586295426,0.020347032302856276,0.0256134959268285,0.03208195404227685,0.03996757189329321,0.04950513841207579,0.06094523614214308,0.09057796954646959,0.13091733114670084,0.18368866462224204,0.24984076684916792,0.3290653857415257,0.4194098512792749,0.5171344744073909
clip     | alpha=0.0449013671875,40,0.016558603218072676,0.004773910570905539,0.01016009241881549,0.016558603218072676,0.02101450338045585,0.026547806021736446,0.03336966123180535,0.041715387641435474,0.051841801572644806,0.06402255635380093,0.09568177924029858,0.1388933584224902,0.1954300413540293,0.26610700845629265,0.3502383996556352,0.44524129590087336,0.5465730930133383
clip     | alpha=0.0449013671875,41,0.016558603218072676,0.004773910570905539,0.01016009241881549,0.016558603218072676,0.02101450338045585,0.026547806021736446,0.03336966123180535,0.041715387641435474,0.051841801572644806,0.06402255635380093,0.09568177924029858,0.1388933584224902,0.1954300413540293,0.26610700845629265,0.3502383996556352,0.44524129590087336,0.5465730930133383
clip     | alpha=0.0449013671875,42,0.017257333530324104,0.004866870779435233,0.010488827949907267,0.017257333530324104,0.022007682648461206,0.027936365731314045,0.035279601500287736,0.04430048067280366,0.055285302879985836,0.06853739600030101,0.10308465897044475,0.15029131005012764,0.21190116572221254,0.28842209784191636,0.37852849901913105,0.47870981706480725,0.5833830795951757
clip     | alpha=0.0449013671875,43,0.017257333530324104,0.004866870779435233,0.010488827949907267,0.017257333530324104,0.022007682648461206,0.027936365731314045,0.035279601500287736,0.04430048067280366,0.055285302879985836,0.06853739600030101,0.10308465897044475,0.15029131005012764,0.21190116572221254,0.28842209784191636,0.37852849901913105,0.47870981706480725,0.5833830795951757
clip     | alpha=0.0449013671875,44,0.017257333530324104,0.004866870779435233,0.010488827949907267,0.017257333530324104,0.022007682648461206,0.027936365731314045,0.035279601500287736,0.04430048067280366,0.055285302879985836,0.06853739600030101,0.10308465897044475,0.15029131005012764,0.21190116572221254,0.28842209784191636,0.37852849901913105,0.47870981706480725,0.5833830795951757
clip     | alpha=0.0449013671875,45,0.017699138066575415,0.004919242323676778,0.010688052584459621,0.017699138066575415,0.022647969599546895,0.028848005070767176,0.036555100011322894,0.04605449082113961,0.05765639659018917,0.07168863711468598,0.10837540049336529,0.15859363782204977,0.2240714520397889,0.3050666323169809,0.39972244555618225,0.5037602306398034,0.6107542625378386
clip     | alpha=0.0449013671875,46,0.017699138066575415,0.004919242323676778,0.010688052584459621,0.017699138066575415,0.022647969599546895,0.028848005070767176,0.036555100011322894,0.04605449082113961,0.05765639659018917,0.07168863711468598,0.10837540049336529,0.15859363782204977,0.2240714520397889,0.3050666323169809,0.39972244555618225,0.5037602306398034,0.6107542625378386
clip     | alpha=0.0449013671875,47,0.01833358223035475,0.00499369731380736,0.010973687206260681,0.01833358223035475,0.02356707249554273,0.030155051051946942,0.03838015901992117,0.04855718002752852,0.06102730652512728,0.07614874706357325,0.11577855913667223,0.1700391266066546,0.2405416685771985,0.32709474833179897,0.4270410125402448,0.5350712364427052,0.6437711469584595
clip     | alpha=0.0449013671875,48,0.01833358223035475,0.00499369731380736,0.010973687206260681,0.01833358223035475,0.02356707249554273,0.030155051051946942,0.03838015901992117,0.04855718002752852,0.06102730652512728,0.07614874706357325,0.11577855913667223,0.1700391266066546,0.2405416685771985,0.32709474833179897,0.4270410125402448,0.5350712364427052,0.6437711469584595
clip     | alpha=0.0449013671875,49,0.01833358223035475,0.00499369731380736,0.010973687206260681,0.01833358223035475,0.02356707249554273,0.030155051051946942,0.03838015901992117,0.04855718002752852,0.06102730652512728,0.07614874706357325,0.11577855913667223,0.1700391266066546,0.2405416685771985,0.32709474833179897,0.4270410125402448,0.5350712364427052,0.6437711469584595
clip     | alpha=0.0449013671875,50,0.018726414304376604,0.005034773020841781,0.011143199103927009,0.018726414304376604,0.024147307715856808,0.030995366429254434,0.03957367991921708,0.050220040431978606,0.06330024961542029,0.079197188215097,0.12095970541464396,0.1782030769871078,0.2524587472053997,0.34318427707909177,0.44708242023034006,0.5580204782848155,0.6678123914114595
clip     | alpha=0.0449013671875,51,0.018726414304376604,0.005034773020841781,0.011143199103927009,0.018726414304376604,0.024147307715856808,0.030995366429254434,0.03957367991921708,0.050220040431978606,0.06330024961542029,0.079197188215097,0.12095970541464396,0.1782030769871078,0.2524587472053997,0.34318427707909177,0.44708242023034006,0.5580204782848155,0.6678123914114595
clip     | alpha=0.0449013671875,52,0.019284331153900824,0.005092527115454623,0.01138356192681446,0.019284331153900824,0.024971052868805237,0.03218690860998648,0.04126266683332445,0.05256659097315099,0.066496098932789,0.08346436905350921,0.12812981291121303,0.18933407556400575,0.2684090018149971,0.36424379026980863,0.4726314024664211,0.5863898529362476,0.6964936871882782
clip     | alpha=0.0449013671875,53,0.019284331153900824,0.005092527115454623,0.01138356192681446,0.019284331153900824,0.024971052868805237,0.03218690860998648,0.04126266683332445,0.05256659097315099,0.066496098932789,0.08346436905350921,0.12812981291121303,0.18933407556400575,0.2684090018149971,0.36424379026980863,0.4726314024664211,0.5863898529362476,0.6964936871882782
clip     | alpha=0.0449013671875,54,0.019284331153900824,0.005092527115454623,0.01138356192681446,0.019284331153900824,0.024971052868805237,0.03218690860998648,0.04126266683332445,0.05256659097315099,0.066496098932789,0.08346436905350921,0.12812981291121303,0.18933407556400575,0.2684090018149971,0.36424379026980863,0.4726314024664211,0.5863898529362476,0.6964936871882782
clip     | alpha=0.0449013671875,55,0.01962694116025243,0.0051241274040791,0.011525034960519235,0.01962694116025243,0.025486815480834864,0.03294667118679793,0.0423581266062394,0.05411289830926191,0.06863329683589484,0.08635698203529416,0.1331066279033149,0.1972084701155112,0.279855038878418,0.3794994617835044,0.49122061294314057,0.6070122012906021,0.7172063843392927
clip     | alpha=0.0449013671875,56,0.01962694116025243,0.0051241274040791,0.011525034960519235,0.01962694116025243,0.025486815480834864,0.03294667118679793,0.0423581266062394,0.05411289830926191,0.06863329683589484,0.08635698203529416,0.1331066279033149,0.1972084701155112,0.279855038878418,0.3794994617835044,0.49122061294314057,0.6070122012906021,0.7172063843392927
clip     | alpha=0.0449013671875,57,0.020111097895866195,0.005168336555528946,0.011724636632135962,0.020111097895866195,0.02621536997132657,0.034018606073554225,0.04390059434108079,0.056284065833850185,0.07162326021564425,0.09038579365498109,0.1399595328366043,0.20789100549597517,0.2950982463427581,0.3993677170057385,0.5147998486530327,0.6323776726036845,0.7417931768674834
clip     | alpha=0.0449013671875,58,0.020111097895866195,0.005168336555528946,0.011724636632135962,0.020111097895866195,0.02621536997132657,0.034018606073554225,0.04390059434108079,0.056284065833850185,0.07162326021564425,0.09038579365498109,0.1399595328366043,0.20789100549597517,0.2950982463427581,0.3993677170057385,0.5147998486530327,0.6323776726036845,0.7417931768674834
clip     | alpha=0.0449013671875,59,0.020111097895866195,0.005168336555528946,0.011724636632135962,0.020111097895866195,0.02621536997132657,0.034018606073554225,0.04390059434108079,0.056284065833850185,0.07162326021564425,0.09038579365498109,0.1399595328366043,0.20789100549597517,0.2950982463427581,0.3993677170057385,0.5147998486530327,0.6323776726036845,0.7417931768674834
clip     | alpha=0.0449013671875,60,0.02040722326776557,0.005192428925524542,0.011841648421433287,0.02040722326776557,0.026669706964532587,0.03469936909656954,0.04489702094274112,0.057709077151816765,0.07361477433587048,0.09310589646741309,0.14469714617351526,0.2154179109342075,0.30599313921217464,0.4137028526552027,0.5318872547136345,0.6507426487262112,0.7594779233838449
clip     | alpha=0.0449013671875,61,0.02040722326776557,0.005192428925524542,0.011841648421433287,0.02040722326776557,0.026669706964532587,0.03469936909656954,0.04489702094274112,0.057709077151816765,0.07361477433587048,0.09310589646741309,0.14469714617351526,0.2154179109342075,0.30599313921217464,0.4137028526552027,0.5318872547136345,0.6507426487262112,0.7594779233838449
clip     | alpha=0.0449013671875,62,0.02082463416796304,0.0052260493262535224,0.012006321407059109,0.02082463416796304,0.02730987283085431,0.03565742024831065,0.046296502562814396,0.05970488195431742,0.0763938908275923,0.09688487287957886,0.1512042098213407,0.22560325864805272,0.32046573419170993,0.43232511496746207,0.5535068296363856,0.6732745280822269,0.7804174226549856
clip     | alpha=0.0449013671875,63,0.02082463416796304,0.0052260493262535224,0.012006321407059109,0.02082463416796304,0.02730987283085431,0.03565742024831065,0.046296502562814396,0.05970488195431742,0.0763938908275923,0.09688487287957886,0.1512042098213407,0.22560325864805272,0.32046573419170993,0.43232511496746207,0.5535068296363856,0.6732745280822269,0.7804174226549856
clip     | alpha=0.0449013671875,64,0.021334197400136902,0.005266681717151295,0.012207027810963483,0.021334197400136902,0.028091056326112408,0.036825110265538655,0.04799879909986362,0.062125710010073075,0.0797526297240253,0.10143170766259879,0.1589444890449527,0.23753987925726344,0.337115801119397,0.4532763294863639,0.5771967877243408,0.6972159862197007,0.8018897874060539
clip     | alpha=0.0449013671875,65,0.021334197400136902,0.005266681717151295,0.012207027810963483,0.021334197400136902,0.028091056326112408,0.036825110265538655,0.04799879909986362,0.062125710010073075,0.0797526297240253,0.10143170766259879,0.1589444890449527,0.23753987925726344,0.337115801119397,0.4532763294863639,0.5771967877243408,0.6972159862197007,0.8018897874060539
clip     | alpha=0.0449013671875,66,0.021334197400136902,0.005266681717151295,0.012207027810963483,0.021334197400136902,0.028091056326112408,0.036825110265538655,0.04799879909986362,0.062125710010073075,0.0797526297240253,0.10143170766259879,0.1589444890449527,0.23753987925726344,0.337115801119397,0.4532763294863639,0.5771967877243408,0.6972159862197007,0.8018897874060539
clip     | alpha=0.0449013671875,67,0.021629181974291176,0.005287639787989672,0.01231839012764805,0.021629181974291176,0.028552141014204023,0.037526996461186575,0.04903962004154568,0.0636295461039512,0.0818700416043312,0.10433726274574293,0.16400918191481523,0.24550028293459755,0.3483793219916495,0.4675838000590251,0.593445625001597,0.7136222469826817,0.8165078029600906
clip     | alpha=0.0449013671875,68,0.021629181974291176,0.005287639787989672,0.01231839012764805,0.021629181974291176,0.028552141014204023,0.037526996461186575,0.04903962004154568,0.0636295461039512,0.0818700416043312,0.10433726274574293,0.16400918191481523,0.24550028293459755,0.3483793219916495,0.4675838000590251,0.593445625001597,0.7136222469826817,0.8165078029600906
clip     | alpha=0.0449013671875,69,0.022034773393837893,0.005316168091848957,0.012471263653584858,0.022034773393837893,0.02918585953630985,0.038490516444692265,0.05046555328392317,0.06568402431697716,0.08475228062253393,0.10827475090707792,0.1707946504754867,0.2560076953287373,0.36297414721815885,0.48571367383539404,0.6134993283620315,0.7332566610443421,0.8333910960104934
clip     | alpha=0.0449013671875,70,0.022034773393837893,0.005316168091848957,0.012471263653584858,0.022034773393837893,0.02918585953630985,0.038490516444692265,0.05046555328392317,0.06568402431697716,0.08475228062253393,0.10827475090707792,0.1707946504754867,0.2560076953287373,0.36297414721815885,0.48571367383539404,0.6134993283620315,0.7332566610443421,0.8333910960104934
clip     | alpha=0.0449013671875,71,0.022034773393837893,0.005316168091848957,0.012471263653584858,0.022034773393837893,0.02918585953630985,0.038490516444692265,0.05046555328392317,0.06568402431697716,0.08475228062253393,0.10827475090707792,0.1707946504754867,0.2560076953287373,0.36297414721815885,0.48571367383539404,0.6134993283620315,0.7332566610443421,0.8333910960104934
clip     | alpha=0.0449013671875,72,0.022277883687620823,0.005331403996462122,0.012559089567391294,0.022277883687620823,0.02957315054033473,0.03909018769393061,0.05136827391325455,0.06700547654587911,0.08663364303165078,0.11088001988345761,0.17539181129350953,0.2632631201467973,0.37319696102079986,0.49853289987890365,0.6277411633969681,0.747187918733456,0.8452919758407383
clip     | alpha=0.0449013671875,73,0.022277883687620823,0.005331403996462122,0.012559089567391294,0.022277883687620823,0.02957315054033473,0.03909018769393061,0.05136827391325455,0.06700547654587911,0.08663364303165078,0.11088001988345761,0.17539181129350953,0.2632631201467973,0.37319696102079986,0.49853289987890365,0.6277411633969681,0.747187918733456,0.8452919758407383
clip     | alpha=0.0449013671875,74,0.02261627229970674,0.005352398994124873,0.012681140089209618,0.02261627229970674,0.03011201066567431,0.03992354297276429,0.052620259926489506,0.06883305252669857,0.08922615068938863,0.11445411127721754,0.18162685299955933,0.2729580901632066,0.3866066319078757,0.5149772480228465,0.6455346553347873,0.7640659426860406,0.8592065765036005
clip     | alpha=0.0449013671875,75,0.02261627229970674,0.005352398994124873,0.012681140089209618,0.02261627229970674,0.03011201066567431,0.03992354297276429,0.052620259926489506,0.06883305252669857,0.08922615068938863,0.11445411127721754,0.18162685299955933,0.2729580901632066,0.3866066319078757,0.5149772480228465,0.6455346553347873,0.7640659426860406,0.8592065765036005
clip     | alpha=0.0449013671875,76,0.02302500340061935,0.005377504730901598,0.012828325972600033,0.02302500340061935,0.030762625919402608,0.04092852132980714,0.05412705829696716,0.07102640773553291,0.09232626129155778,0.11870900086109719,0.18896520574626494,0.2841999883876982,0.40187087741231,0.5332827260566971,0.6648261543754447,0.7818103879651012,0.8733245375384343
clip     | alpha=0.0449013671875,77,0.02302500340061935,0.005377504730901598,0.012828325972600033,0.02302500340061935,0.030762625919402608,0.04092852132980714,0.05412705829696716,0.07102640773553291,0.09232626129155778,0.11870900086109719,0.18896520574626494,0.2841999883876982,0.40187087741231,0.5332827260566971,0.6648261543754447,0.7818103879651012,0.8733245375384343
clip     | alpha=0.0449013671875,78,0.02302500340061935,0.005377504730901598,0.012828325972600033,0.02302500340061935,0.030762625919402608,0.04092852132980714,0.05412705829696716,0.07102640773553291,0.09232626129155778,0.11870900086109719,0.18896520574626494,0.2841999883876982,0.40187087741231,0.5332827260566971,0.6648261543754447,0.7818103879651012,0.8733245375384343
clip     | alpha=0.0449013671875,79,0.023259545332364906,0.0053903408426083654,0.012909277449568655,0.023259545332364906,0.03114328261486322,0.04152731532069563,0.055040282764404785,0.07237700890501603,0.09426352115554563,0.12140419357980846,0.1937248737541775,0.29163146201727563,0.4121065201224594,0.5456740104073006,0.677942279876982,0.7938636064958464,0.882851668023307
clip     | alpha=0.0449013671875,80,0.023259545332364906,0.0053903408426083654,0.012909277449568655,0.023259545332364906,0.03114328261486322,0.04152731532069563,0.055040282764404785,0.07237700890501603,0.09426352115554563,0.12140419357980846,0.1937248737541775,0.29163146201727563,0.4121065201224594,0.5456740104073006,0.677942279876982,0.7938636064958464,0.882851668023307
clip     | alpha=0.0449013671875,81,0.023580132856628716,0.005407710641987921,0.01301975027692321,0.023580132856628716,0.03166338140133292,0.04234447725094687,0.05628404503243891,0.07421128549822617,0.09688501713129302,0.12503511323859867,0.20006415553302456,0.3013829815268775,0.4252914102518817,0.5612833636570371,0.6940344467456029,0.808203569564636,0.8937904135529954
clip     | alpha=0.0449013671875,82,0.023580132856628716,0.005407710641987921,0.01301975027692321,0.023580132856628716,0.03166338140133292,0.04234447725094687,0.05628404503243891,0.07421128549822617,0.09688501713129302,0.12503511323859867,0.20006415553302456,0.3013829815268775,0.4252914102518817,0.5612833636570371,0.6940344467456029,0.808203569564636,0.8937904135529954
clip     | alpha=0.0449013671875,83,0.023962460054307844,0.005428218418355456,0.013151287484344458,0.023962460054307844,0.032283394213244755,0.043317451337789366,0.057761994795741504,0.07638481221527736,0.09998010487780416,0.12930293142901633,0.2074307355001657,0.31254729707642886,0.4401097780006977,0.5784393602411148,0.7112605064135441,0.8230887975618584,0.9047485166315216
clip     | alpha=0.0449013671875,84,0.023962460054307844,0.005428218418355456,0.013151287484344458,0.023962460054307844,0.032283394213244755,0.043317451337789366,0.057761994795741504,0.07638481221527736,0.09998010487780416,0.12930293142901633,0.2074307355001657,0.31254729707642886,0.4401097780006977,0.5784393602411148,0.7112605064135441,0.8230887975618584,0.9047485166315216
clip     | alpha=0.0449013671875,85,0.023962460054307844,0.005428218418355456,0.013151287484344458,0.023962460054307844,0.032283394213244755,0.043317451337789366,0.057761994795741504,0.07638481221527736,0.09998010487780416,0.12930293142901633,0.2074307355001657,0.31254729707642886,0.4401097780006977,0.5784393602411148,0.7112605064135441,0.8230887975618584,0.9047485166315216
clip     | alpha=0.0449013671875,86,0.02417978843375895,0.005438605116847117,0.013222952247646183,0.02417978843375895,0.03264273650318867,0.043891727029429894,0.058649315273638085,0.07771062306660563,0.10189604571232867,0.13198090246581734,0.21216379997086063,0.31985811267927916,0.44995302944264587,0.589943380420364,0.7228622689019222,0.8331048024972982,0.9120737919320604
clip     | alpha=0.0449013671875,87,0.02417978843375895,0.005438605116847117,0.013222952247646183,0.02417978843375895,0.03264273650318867,0.043891727029429894,0.058649315273638085,0.07771062306660563,0.10189604571232867,0.13198090246581734,0.21216379997086063,0.31985811267927916,0.44995302944264587,0.589943380420364,0.7228622689019222,0.8331048024972982,0.9120737919320604
clip     | alpha=0.0449013671875,88,0.02447508387985828,0.005452576938312024,0.013320171113663362,0.02447508387985828,0.03313079838089886,0.04467077699694971,0.059850623721738896,0.07950054240417839,0.10447330193082704,0.13556720463092628,0.21843022723955205,0.3293943570383283,0.46255719689919594,0.6043490154904185,0.7370119653200591,0.844950311309278,0.9204345093507174
clip     | alpha=0.0449013671875,89,0.02447508387985828,0.005452576938312024,0.013320171113663362,0.02447508387985828,0.03313079838089886,0.04467077699694971,0.059850623721738896,0.07950054240417839,0.10447330193082704,0.13556720463092628,0.21843022723955205,0.3293943570383283,0.46255719689919594,0.6043490154904185,0.7370119653200591,0.844950311309278,0.9204345093507174
clip     | alpha=0.0449013671875,90,0.024825447513189876,0.005468988522084799,0.013435335287195909,0.024825447513189876,0.033709644873013665,0.04559362920995664,0.061270827036469334,0.08161066318592923,0.10750059915474507,0.13976102519678132,0.22567491296547104,0.34025638398613456,0.47665046500214353,0.6201010678521436,0.7520812361398558,0.8571833647889799,0.9287671970078857
clip     | alpha=0.0449013671875,91,0.024825447513189876,0.005468988522084799,0.013435335287195909,0.024825447513189876,0.033709644873013665,0.04559362920995664,0.061270827036469334,0.08161066318592923,0.10750059915474507,0.13976102519678132,0.22567491296547104,0.34025638398613456,0.47665046500214353,0.6201010678521436,0.7520812361398558,0.8571833647889799,0.9287671970078857
clip     | alpha=0.0449013671875,92,0.024825447513189876,0.005468988522084799,0.013435335287195909,0.024825447513189876,0.033709644873013665,0.04559362920995664,0.061270827036469334,0.08161066318592923,0.10750059915474507,0.13976102519678132,0.22567491296547104,0.34025638398613456,0.47665046500214353,0.6201010678521436,0.7520812361398558,0.8571833647889799,0.9287671970078857
clip     | alpha=0.0449013671875,93,0.02502373880662851,0.005477264376120154,0.01349780619613424,0.02502373880662851,0.03404366639395152,0.04613594805235398,0.06211976260574393,0.08289218875970722,0.10936640980024347,0.14238109696059328,0.2303093761795365,0.34733825445860467,0.485971267392993,0.63061764002769,0.7621861737701442,0.8653788994114701,0.9343131610442627
clip     | alpha=0.0449013671875,94,0.02502373880662851,0.005477264376120154,0.01349780619613424,0.02502373880662851,0.03404366639395152,0.04613594805235398,0.06211976260574393,0.08289218875970722,0.10936640980024347,0.14238109696059328,0.2303093761795365,0.34733825445860467,0.485971267392993,0.63061764002769,0.7621861737701442,0.8653788994114701,0.9343131610442627
clip     | alpha=0.0449013671875,95,0.02529235245286218,0.005488363084574209,0.013582296490595041,0.02529235245286218,0.03449596486862925,0.04686942031111403,0.06326562607910602,0.08461708623522103,0.11186863957573173,0.14587924599483681,0.2364266953600043,0.35654791533733265,0.4978703369863661,0.64374692573987,0.7744730337096887,0.8750420911765582,0.9406239079284094
clip     | alpha=0.0449013671875,96,0.02529235245286218,0.005488363084574209,0.013582296490595041,0.02529235245286218,0.03449596486862925,0.04686942031111403,0.06326562607910602,0.08461708623522103,0.11186863957573173,0.14587924599483681,0.2364266953600043,0.35654791533733265,0.4978703369863661,0.64374692573987,0.7744730337096887,0.8750420911765582,0.9406239079284094
clip     | alpha=0.0449013671875,97,0.025610178350850415,0.005501363847789615,0.013682106157595499,0.025610178350850415,0.035030914116444496,0.04773588222094771,0.06461654039848853,0.08664493741612785,0.11479969204515428,0.14995868283474775,0.24347946383008578,0.3670089847163116,0.5111384600990045,0.6580636867714121,0.7875222660030217,0.8849938694449787,0.9468961275709512
clip     | alpha=0.0449013671875,98,0.025610178350850415,0.005501363847789615,0.013682106157595499,0.025610178350850415,0.035030914116444496,0.04773588222094771,0.06461654039848853,0.08664493741612785,0.11479969204515428,0.14995868283474775,0.24347946383008578,0.3670089847163116,0.5111384600990045,0.6580636867714121,0.7875222660030217,0.8849938694449787,0.9468961275709512
clip     | alpha=0.0449013671875,99,0.025610178350850415,0.005501363847789615,0.013682106157595499,0.025610178350850415,0.035030914116444496,0.04773588222094771,0.06461654039848853,0.08664493741612785,0.11479969204515428,0.14995868283474775,0.24347946383008578,0.3670089847163116,0.5111384600990045,0.6580636867714121,0.7875222660030217,0.8849938694449787,0.9468961275709512
clip     | alpha=0.0449013671875,100,0.02578961212735544,0.005507903602623487,0.013736114808245586,0.02578961212735544,0.03533884547313933,0.0482438103939312,0.06542207148349634,0.08787346902053379,0.1166017401814751,0.15250102409644214,0.24798005751525315,0.37381265840920824,0.5198919527249215,0.6675984986031518,0.7962511084028662,0.8916446619217062,0.9510604418198314
clip     | alpha=0.0449013671875,101,0.02578961212735544,0.005507903602623487,0.013736114808245586,0.02578961212735544,0.03533884547313933,0.0482438103939312,0.06542207148349634,0.08787346902053379,0.1166017401814751,0.15250102409644214,0.24798005751525315,0.37381265840920824,0.5198919527249215,0.6675984986031518,0.7962511084028662,0.8916446619217062,0.9510604418198314
clip     | alpha=0.0449013671875,102,0.02603225168891007,0.005516658560824269,0.013809031224275129,0.02603225168891007,0.035755079497191734,0.04892955798304134,0.06650743054868909,0.08952412029283614,0.11901419393701501,0.15588940289505868,0.253910191373106,0.3826449240873965,0.5310470679975998,0.6794811130974779,0.8068460096001003,0.8994726416804791,0.9557906493576324
clip     | alpha=0.0449013671875,103,0.02603225168891007,0.005516658560824269,0.013809031224275129,0.02603225168891007,0.035755079497191734,0.04892955798304134,0.06650743054868909,0.08952412029283614,0.11901419393701501,0.15588940289505868,0.253910191373106,0.3826449240873965,0.5310470679975998,0.6794811130974779,0.8068460096001003,0.8994726416804791,0.9557906493576324
clip     | alpha=0.0449013671875,104,0.026318872547520456,0.005526897040008466,0.013895026791734358,0.026318872547520456,0.036246564200062684,0.04973830937635492,0.06778490827577657,0.09146149262807346,0.12183543613971685,0.15983432861879385,0.26073590324760715,0.39266081388582863,0.5434651784983269,0.6924171323663371,0.8180797901326212,0.9075211381238864,0.9604842448918918
clip     | alpha=0.0449013671875,105,0.026318872547520456,0.005526897040008466,0.013895026791734358,0.026318872547520456,0.036246564200062684,0.04973830937635492,0.06778490827577657,0.09146149262807346,0.12183543613971685,0.15983432861879385,0.26073590324760715,0.39266081388582863,0.5434651784983269,0.6924171323663371,0.8180797901326212,0.9075211381238864,0.9604842448918918
clip     | alpha=0.0449013671875,106,0.026318872547520456,0.005526897040008466,0.013895026791734358,0.026318872547520456,0.036246564200062684,0.04973830937635492,0.06778490827577657,0.09146149262807346,0.12183543613971685,0.15983432861879385,0.26073590324760715,0.39266081388582863,0.5434651784983269,0.6924171323663371,0.8180797901326212,0.9075211381238864,0.9604842448918918
clip     | alpha=0.0449013671875,107,0.02648044810699525,0.0055320396197120056,0.013941491129072281,0.02648044810699525,0.0365290549946523,0.05021170128356987,0.06854551611433689,0.09263346212397312,0.12356738923898977,0.16228918123861172,0.26508512040109367,0.3991652535924389,0.5516456880935326,0.7010195587596864,0.8255830603298576,0.9128919559653352,0.9635958240903283
clip     | alpha=0.0449013671875,108,0.02648044810699525,0.0055320396197120056,0.013941491129072281,0.02648044810699525,0.0365290549946523,0.05021170128356987,0.06854551611433689,0.09263346212397312,0.12356738923898977,0.16228918123861172,0.26508512040109367,0.3991652535924389,0.5516456880935326,0.7010195587596864,0.8255830603298576,0.9128919559653352,0.9635958240903283
clip     | alpha=0.0449013671875,109,0.026698703093178996,0.005538916710090868,0.014004154366132084,0.026698703093178996,0.03691048868834172,0.05085013219647115,0.06956924043627043,0.09420641748040336,0.1258835026844367,0.16555742638201978,0.27080961135448656,0.40759995341212213,0.5620593660188768,0.7117286331945034,0.8346805576367893,0.9192065845491094,0.9671264251838625
clip     | alpha=0.0449013671875,110,0.026698703093178996,0.005538916710090868,0.014004154366132084,0.026698703093178996,0.03691048868834172,0.05085013219647115,0.06956924043627043,0.09420641748040336,0.1258835026844367,0.16555742638201978,0.27080961135448656,0.40759995341212213,0.5620593660188768,0.7117286331945034,0.8346805576367893,0.9192065845491094,0.9671264251838625
clip     | alpha=0.0449013671875,111,0.026956258644738492,0.005546950984625698,0.014077982882226291,0.026956258644738492,0.037360426034252964,0.051602318153337504,0.07077295490711745,0.09605073087631717,0.12858934050964957,0.1693586381098648,0.2773919601234241,0.4171553255490485,0.5736403686509812,0.7233752864137215,0.8443168844559591,0.9256925321344824,0.9706261562984663
clip     | alpha=0.0449013671875,112,0.026956258644738492,0.005546950984625698,0.014077982882226291,0.026956258644738492,0.037360426034252964,0.051602318153337504,0.07077295490711745,0.09605073087631717,0.12858934050964957,0.1693586381098648,0.2773919601234241,0.4171553255490485,0.5736403686509812,0.7233752864137215,0.8443168844559591,0.9256925321344824,0.9706261562984663
clip     | alpha=0.0449013671875,113,0.026956258644738492,0.005546950984625698,0.014077982882226291,0.026956258644738492,0.037360426034252964,0.051602318153337504,0.07077295490711745,0.09605073087631717,0.12858934050964957,0.1693586381098648,0.2773919601234241,0.4171553255490485,0.5736403686509812,0.7233752864137215,0.8443168844559591,0.9256925321344824,0.9706261562984663
clip     | alpha=0.0449013671875,114,0.02710131624666889,0.005550982737922735,0.014117836662575453,0.02710131624666889,0.03761879957656099,0.05204219662826345,0.07148898725675269,0.09716538374244017,0.1302489244415668,0.17172189186179138,0.281582266062193,0.4233550111002332,0.581262434579589,0.7311131872225767,0.8507472827551575,0.930016682659558,0.9729441464073131
clip     | alpha=0.0449013671875,115,0.02710131624666889,0.005550982737922735,0.014117836662575453,0.02710131624666889,0.03761879957656099,0.05204219662826345,0.07148898725675269,0.09716538374244017,0.1302489244415668,0.17172189186179138,0.281582266062193,0.4233550111002332,0.581262434579589,0.7311131872225767,0.8507472827551575,0.930016682659558,0.9729441464073131
clip     | alpha=0.0449013671875,116,0.02729712907045455,0.005556370765144473,0.014171549084089295,0.02729712907045455,0.03796743773889555,0.05263503720331282,0.07245207753610457,0.09866042045260678,0.1324667891627291,0.1748661028979191,0.2870939416132395,0.43138919063634185,0.5909587919886168,0.7407396394780946,0.8585387877739287,0.9350973448820743,0.9755725466665989
clip     | alpha=0.0449013671875,117,0.02729712907045455,0.005556370765144473,0.014171549084089295,0.02729712907045455,0.03796743773889555,0.05263503720331282,0.07245207753610457,0.09866042045260678,0.1324667891627291,0.1748661028979191,0.2870939416132395,0.43138919063634185,0.5909587919886168,0.7407396394780946,0.8585387877739287,0.9350973448820743,0.9755725466665989
clip     | alpha=0.0449013671875,118,0.027528058771137856,0.005562661532698092,0.014234792885563941,0.027528058771137856,0.03837843585718122,0.053333078560932036,0.0735837985517032,0.10041229136547866,0.13505624739150662,0.1785207971051161,0.29342767214174365,0.4404852110810436,0.6017354116355401,0.75120242660991,0.8667866777876438,0.940312627732689,0.9781763576207091
clip     | alpha=0.0449013671875,119,0.027528058771137856,0.005562661532698092,0.014234792885563941,0.027528058771137856,0.03837843585718122,0.053333078560932036,0.0735837985517032,0.10041229136547866,0.13505624739150662,0.1785207971051161,0.29342767214174365,0.4404852110810436,0.6017354116355401,0.75120242660991,0.8667866777876438,0.940312627732689,0.9781763576207091
clip     | alpha=0.0449013671875,120,0.027788038230231852,0.005569672825042154,0.014305878509920513,0.027788038230231852,0.03884095032689701,0.05411767253814518,0.07485329749198785,0.10237191616946442,0.1379422940463777,0.18257598500981984,0.30037561280193925,0.45031585360731585,0.613168855811184,0.762057908291904,0.8751212813641066,0.945423040657967,0.980638697387317
clip     | alpha=0.0449013671875,121,0.027788038230231852,0.005569672825042154,0.014305878509920513,0.027788038230231852,0.03884095032689701,0.05411767253814518,0.07485329749198785,0.10237191616946442,0.1379422940463777,0.18257598500981984,0.30037561280193925,0.45031585360731585,0.613168855811184,0.762057908291904,0.8751212813641066,0.945423040657967,0.980638697387317
clip     | alpha=0.0449013671875,122,0.027788038230231852,0.005569672825042154,0.014305878509920513,0.027788038230231852,0.03884095032689701,0.05411767253814518,0.07485329749198785,0.10237191616946442,0.1379422940463777,0.18257598500981984,0.30037561280193925,0.45031585360731585,0.613168855811184,0.762057908291904,0.8751212813641066,0.945423040657967,0.980638697387317
clip     | alpha=0.0449013671875,123,0.027930944566748845,0.005573106729678345,0.01434333008072993,0.027930944566748845,0.03910016775271877,0.05456548413048275,0.07559032615343876,0.1035278173742068,0.13966989596376506,0.18503659141680603,0.30469243156150994,0.456540960787904,0.6205130895170842,0.7690969572319513,0.8805494605237966,0.948748305447785,0.9822304213369014
clip     | alpha=0.0449013671875,124,0.027930944566748845,0.005573106729678345,0.01434333008072993,0.027930944566748845,0.03910016775271877,0.05456548413048275,0.07559032615343876,0.1035278173742068,0.13966989596376506,0.18503659141680603,0.30469243156150994,0.456540960787904,0.6205130895170842,0.7690969572319513,0.8805494605237966,0.948748305447785,0.9822304213369014
clip     | alpha=0.0449013671875,125,0.028121482239757682,0.005577639386049744,0.014393184536662055,0.028121482239757682,0.039445645287506034,0.05516159806678991,0.07656947218216015,0.10505912226710575,0.14195028131738158,0.1882700865849476,0.31030072154914257,0.46450892614700257,0.6297411649695538,0.7777463540421113,0.887045765246953,0.9526073028578538,0.9840131137160302
clip     | alpha=0.0449013671875,126,0.028121482239757682,0.005577639386049744,0.014393184536662055,0.028121482239757682,0.039445645287506034,0.05516159806678991,0.07656947218216015,0.10505912226710575,0.14195028131738158,0.1882700865849476,0.31030072154914257,0.46450892614700257,0.6297411649695538,0.7777463540421113,0.887045765246953,0.9526073028578538,0.9840131137160302
clip     | alpha=0.0449013671875,127,0.028344053317518395,0.005582881130717833,0.014451327401309576,0.028344053317518395,0.039849043464480975,0.05585681720548427,0.07770911578626115,0.1068364238384467,0.14458740992124683,0.19199281010330144,0.316684173719905,0.47344417273183004,0.6398997749340758,0.7870577792595577,0.8938571765228762,0.9565308713767297,0.9857623302180123
clip     | alpha=0.0449013671875,128,0.028344053317518395,0.005582881130717833,0.014451327401309576,0.028344053317518395,0.039849043464480975,0.05585681720548427,0.07770911578626115,0.1068364238384467,0.14458740992124683,0.19199281010330144,0.316684173719905,0.47344417273183004,0.6398997749340758,0.7870577792595577,0.8938571765228762,0.9565308713767297,0.9857623302180123
clip     | alpha=0.0449013671875,129,0.028344053317518395,0.005582881130717833,0.014451327401309576,0.028344053317518395,0.039849043464480975,0.05585681720548427,0.07770911578626115,0.1068364238384467,0.14458740992124683,0.19199281010330144,0.316684173719905,0.47344417273183004,0.6398997749340758,0.7870577792595577,0.8938571765228762,0.9565308713767297,0.9857623302180123
clip     | alpha=0.0449013671875,130,0.028468391515220248,0.005585490222790522,0.014482459476434008,0.028468391515220248,0.04007881498043038,0.056260086792109136,0.07838154176032354,0.10790187194590954,0.14619174481094407,0.19428851118875268,0.32071493160591374,0.4791945304271129,0.646531508774635,0.7931940488911057,0.8983656520668153,0.9591254980064737,0.9869115066924022
clip     | alpha=0.0449013671875,131,0.028468391515220248,0.005585490222790522,0.014482459476434008,0.028468391515220248,0.04007881498043038,0.056260086792109136,0.07838154176032354,0.10790187194590954,0.14619174481094407,0.19428851118875268,0.32071493160591374,0.4791945304271129,0.646531508774635,0.7931940488911057,0.8983656520668153,0.9591254980064737,0.9869115066924022
clip     | alpha=0.0449013671875,132,0.028635328245214732,0.005588958165658044,0.014524190590252681,0.028635328245214732,0.04038718331216542,0.05680065111208418,0.07928109222836027,0.10932318982567302,0.14832418842843062,0.19732634050305023,0.32598809613267626,0.4866061552582925,0.6549224310739427,0.8007867138261809,0.9037989046649726,0.9621575810221673,0.9882075315966417
clip     | alpha=0.0449013671875,133,0.028635328245214732,0.005588958165658044,0.014524190590252681,0.028635328245214732,0.04038718331216542,0.05680065111208418,0.07928109222836027,0.10932318982567302,0.14832418842843062,0.19732634050305023,0.32598809613267626,0.4866061552582925,0.6549224310739427,0.8007867138261809,0.9037989046649726,0.9621575810221673,0.9882075315966417
clip     | alpha=0.0449013671875,134,0.02883124993693313,0.00559298754122492,0.014573089048777958,0.02883124993693313,0.04074894838813051,0.057434057689617644,0.08033302957175675,0.11098061305817424,0.15080185791096698,0.20084028326775644,0.33201840028184304,0.4949567091018989,0.6642030212912806,0.8089990613813997,0.9095225585046168,0.9652549332095107,0.9894852149984621
clip     | alpha=0.0449013671875,135,0.02883124993693313,0.00559298754122492,0.014573089048777958,0.02883124993693313,0.04074894838813051,0.057434057689617644,0.08033302957175675,0.11098061305817424,0.15080185791096698,0.20084028326775644,0.33201840028184304,0.4949567091018989,0.6642030212912806,0.8089990613813997,0.9095225585046168,0.9652549332095107,0.9894852149984621
clip     | alpha=0.0449013671875,136,0.02905087381938888,0.005597459213693275,0.014627815436563248,0.02905087381938888,0.04115431682346587,0.05814295639590161,0.08150798294935083,0.11282665705555296,0.1535514964658397,0.2047226130251285,0.3386051859959914,0.5039430637934847,0.6740071254569631,0.8174831819067403,0.9152816402979704,0.968277017093515,0.9906883090556262
clip     | alpha=0.0449013671875,137,0.02905087381938888,0.005597459213693275,0.014627815436563248,0.02905087381938888,0.04115431682346587,0.05814295639590161,0.08150798294935083,0.11282665705555296,0.1535514964658397,0.2047226130251285,0.3386051859959914,0.5039430637934847,0.6740071254569631,0.8174831819067403,0.9152816402979704,0.968277017093515,0.9906883090556262
clip     | alpha=0.0449013671875,138,0.02905087381938888,0.005597459213693275,0.014627815436563248,0.02905087381938888,0.04115431682346587,0.05814295639590161,0.08150798294935083,0.11282665705555296,0.1535514964658397,0.2047226130251285,0.3386051859959914,0.5039430637934847,0.6740071254569631,0.8174831819067403,0.9152816402979704,0.968277017093515,0.9906883090556262
clip     | alpha=0.0449013671875,139,0.029171142582677553,0.005599641044001639,0.014656539499486459,0.029171142582677553,0.04138065073468112,0.058546040225451755,0.08218755185447743,0.11391145952806385,0.15519124317914698,0.20706945808835686,0.34268219884327966,0.5096121011113924,0.6802810336601783,0.8229638379301136,0.9190182978826684,0.970236031303275,0.9914630922354991
clip     | alpha=0.0449013671875,140,0.029171142582677553,0.005599641044001639,0.014656539499486459,0.029171142582677553,0.04138065073468112,0.058546040225451755,0.08218755185447743,0.11391145952806385,0.15519124317914698,0.20706945808835686,0.34268219884327966,0.5096121011113924,0.6802810336601783,0.8229638379301136,0.9190182978826684,0.970236031303275,0.9914630922354991
clip     | alpha=0.0449013671875,141,0.02933106563141071,0.005602513242033272,0.014694673174147528,0.02933106563141071,0.04168148970333962,0.05908116882680231,0.0830879310114503,0.11534470462416527,0.15734983326944102,0.21014515352921856,0.3479646753050735,0.5168487710347568,0.6881430085562401,0.829680186496067,0.9234781900827106,0.9725033610391776,0.992328493818331
clip     | alpha=0.0449013671875,142,0.02933106563141071,0.005602513242033272,0.014694673174147528,0.02933106563141071,0.04168148970333962,0.05908116882680231,0.0830879310114503,0.11534470462416527,0.15734983326944102,0.21014515352921856,0.3479646753050735,0.5168487710347568,0.6881430085562401,0.829680186496067,0.9234781900827106,0.9725033610391776,0.992328493818331
clip     | alpha=0.0449013671875,143,0.0295174025068159,0.0056058263632305545,0.01473903413840256,0.0295174025068159,0.042031876785792475,0.059703684778053975,0.08413324533164923,0.11700398507158581,0.1598397975774838,0.2136772436171542,0.35396206948832365,0.5249434148877771,0.6967758681683589,0.8368923147541576,0.9281425811363055,0.9748027969758022,0.9931754963716347
clip     | alpha=0.0449013671875,144,0.0295174025068159,0.0056058263632305545,0.01473903413840256,0.0295174025068159,0.042031876785792475,0.059703684778053975,0.08413324533164923,0.11700398507158581,0.1598397975774838,0.2136772436171542,0.35396206948832365,0.5249434148877771,0.6967758681683589,0.8368923147541576,0.9281425811363055,0.9748027969758022,0.9931754963716347
clip     | alpha=0.0449013671875,145,0.02972511145715612,0.005609482554607026,0.014788404004837072,0.02972511145715612,0.042422295598695814,0.06039649048872247,0.08529425816740104,0.1188417407812315,0.16258759504358763,0.2175577541723762,0.3604761972432574,0.5336055585212118,0.7058445957918386,0.8443013610727284,0.932809542439635,0.977033781712541,0.9939685825986936
clip     | alpha=0.0449013671875,146,0.02972511145715612,0.005609482554607026,0.014788404004837072,0.02972511145715612,0.042422295598695814,0.06039649048872247,0.08529425816740104,0.1188417407812315,0.16258759504358763,0.2175577541723762,0.3604761972432574,0.5336055585212118,0.7058445957918386,0.8443013610727284,0.932809542439635,0.977033781712541,0.9939685825986936
clip     | alpha=0.0449013671875,147,0.02972511145715612,0.005609482554607026,0.014788404004837072,0.02972511145715612,0.042422295598695814,0.06039649048872247,0.08529425816740104,0.1188417407812315,0.16258759504358763,0.2175577541723762,0.3604761972432574,0.5336055585212118,0.7058445957918386,0.8443013610727284,0.932809542439635,0.977033781712541,0.9939685825986936
clip     | alpha=0.0449013671875,148,0.029838344176005945,0.00561125847440325,0.014814200130387227,0.029838344176005945,0.04263930266717264,0.06078865301788669,0.08596274572712682,0.11991681845610087,0.16421887809045138,0.21989295540329795,0.36449011306629064,0.5390455044656803,0.711621830944456,0.84906601618525,0.9358239897647613,0.978473478760431,0.9944770281525283
clip     | alpha=0.0449013671875,149,0.029838344176005945,0.00561125847440325,0.014814200130387227,0.029838344176005945,0.04263930266717264,0.06078865301788669,0.08596274572712682,0.11991681845610087,0.16421887809045138,0.21989295540329795,0.36449011306629064,0.5390455044656803,0.711621830944456,0.84906601618525,0.9358239897647613,0.978473478760431,0.9944770281525283
clip     | alpha=0.0449013671875,150,0.02998845909900591,0.005613589303738715,0.014848343862221003,0.02998845909900591,0.04292687828406022,0.06130771903828596,0.08684578288917258,0.12133294922391738,0.16635987701853427,0.22294419940164004,0.36967521702608563,0.5459688777793112,0.7188396710165532,0.8548873950988954,0.9394110814370912,0.9801347552881811,0.9950432357238789
clip     | alpha=0.0449013671875,151,0.02998845909900591,0.005613589303738715,0.014848343862221003,0.02998845909900591,0.04292687828406022,0.06130771903828596,0.08684578288917258,0.12133294922391738,0.16635987701853427,0.22294419940164004,0.36967521702608563,0.5459688777793112,0.7188396710165532,0.8548873950988954,0.9394110814370912,0.9801347552881811,0.9950432357238789
clip     | alpha=0.0449013671875,152,0.03016289387766592,0.005616270662221868,0.014887955679749397,0.03016289387766592,0.04326090985668529,0.061909912980803554,0.08786818540740306,0.12296797330018938,0.16882285684759651,0.22643871387612152,0.375546107174298,0.553692093997344,0.7267437585859285,0.861121549370299,0.9431524847831528,0.9818149902687441,0.9955959035329462
clip     | alpha=0.0449013671875,153,0.03016289387766592,0.005616270662221868,0.014887955679749397,0.03016289387766592,0.04326090985668529,0.061909912980803554,0.08786818540740306,0.12296797330018938,0.16882285684759651,0.22643871387612152,0.375546107174298,0.553692093997344,0.7267437585859285,0.861121549370299,0.9431524847831528,0.9818149902687441,0.9955959035329462
clip     | alpha=0.0449013671875,154,0.030356865637063617,0.005619222520493957,0.01493193360823104,0.030356865637063617,0.043632204934749785,0.06257848220555912,0.08900100579343381,0.12477448659285789,0.17153430607308656,0.23026866264807905,0.38190741857897725,0.5619367939106736,0.735026849862118,0.8675104397678863,0.946886901691729,0.9834412665607493,0.9961121402399439
clip     | alpha=0.0449013671875,155,0.030356865637063617,0.005619222520493957,0.01493193360823104,0.030356865637063617,0.043632204934749785,0.06257848220555912,0.08900100579343381,0.12477448659285789,0.17153430607308656,0.23026866264807905,0.38190741857897725,0.5619367939106736,0.735026849862118,0.8675104397678863,0.946886901691729,0.9834412665607493,0.9961121402399439
clip     | alpha=0.0449013671875,156,0.030356865637063617,0.005619222520493957,0.01493193360823104,0.030356865637063617,0.043632204934749785,0.06257848220555912,0.08900100579343381,0.12477448659285789,0.17153430607308656,0.23026866264807905,0.38190741857897725,0.5619367939106736,0.735026849862118,0.8675104397678863,0.946886901691729,0.9834412665607493,0.9961121402399439
clip     | alpha=0.0449013671875,157,0.030462381900873806,0.005620653238707306,0.014954862944002332,0.030462381900873806,0.04383813820272427,0.06295611107912244,0.08965185673883248,0.12582901285470646,0.17314054540411608,0.23256847595505434,0.3858187338227415,0.5671034342697052,0.7402922370182482,0.8716102029743577,0.9492938151531951,0.984488474730248,0.9964423858882292
clip     | alpha=0.0449013671875,158,0.030462381900873806,0.005620653238707306,0.014954862944002332,0.030462381900873806,0.04383813820272427,0.06295611107912244,0.08965185673883248,0.12582901285470646,0.17314054540411608,0.23256847595505434,0.3858187338227415,0.5671034342697052,0.7402922370182482,0.8716102029743577,0.9492938151531951,0.984488474730248,0.9964423858882292
clip     | alpha=0.0449013671875,159,0.03060204906845035,0.005622528078752913,0.014985164921209647,0.03060204906845035,0.04411061384167408,0.06345516179885005,0.09051025766925465,0.12721590887990594,0.1752453916222906,0.23556880024627258,0.39086343001403384,0.5736687313985482,0.7468603483856538,0.876611425290689,0.9521535004377814,0.9856949733370304,0.996809576281571
clip     | alpha=0.0449013671875,160,0.03060204906845035,0.005622528078752913,0.014985164921209647,0.03060204906845035,0.04411061384167408,0.06345516179885005,0.09051025766925465,0.12721590887990594,0.1752453916222906,0.23556880024627258,0.39086343001403384,0.5736687313985482,0.7468603483856538,0.876611425290689,0.9521535004377814,0.9856949733370304,0.996809576281571
clip     | alpha=0.0449013671875,161,0.030764102770341223,0.005624681673812973,0.015020267592725067,0.030764102770341223,0.04442663674425297,0.06403327633455447,0.09150266172177464,0.12881480451466418,0.17766319063840844,0.23899990141271807,0.3965668706092882,0.5809816417504611,0.7540422659505416,0.8819593250341896,0.9551317817401012,0.9869134307025815,0.9971674544672657
clip     | alpha=0.0449013671875,162,0.030764102770341223,0.005624681673812973,0.015020267592725067,0.030764102770341223,0.04442663674425297,0.06403327633455447,0.09150266172177464,0.12881480451466418,0.17766319063840844,0.23899990141271807,0.3965668706092882,0.5809816417504611,0.7540422659505416,0.8819593250341896,0.9551317817401012,0.9869134307025815,0.9971674544672657
clip     | alpha=0.0449013671875,163,0.030944057579281866,0.005627049248790996,0.01505918547883937,0.030944057579281866,0.0447774284414171,0.06467422457838497,0.09260072343349657,0.1305789573220296,0.18032122071964898,0.24275515023661395,0.40273819958820656,0.5887775367842081,0.7615581521182745,0.8874323852145063,0.9581003911476098,0.9880911281138937,0.9975012795870538
clip     | alpha=0.0449013671875,164,0.030944057579281866,0.005627049248790996,0.01505918547883937,0.030944057579281866,0.0447774284414171,0.06467422457838497,0.09260072343349657,0.1305789573220296,0.18032122071964898,0.24275515023661395,0.40273819958820656,0.5887775367842081,0.7615581521182745,0.8874323852145063,0.9581003911476098,0.9880911281138937,0.9975012795870538
clip     | alpha=0.0449013671875,165,0.030944057579281866,0.005627049248790996,0.01505918547883937,0.030944057579281866,0.0447774284414171,0.06467422457838497,0.09260072343349657,0.1305789573220296,0.18032122071964898,0.24275515023661395,0.40273819958820656,0.5887775367842081,0.7615581521182745,0.8874323852145063,0.9581003911476098,0.9880911281138937,0.9975012795870538
clip     | alpha=0.0449013671875,166,0.03104182391555359,0.005628195308723131,0.015079450680603247,0.03104182391555359,0.04497174133030341,0.06503578988960335,0.09323079838738342,0.1316074410435788,0.18189380400426902,0.2450072276763245,0.40652785608706127,0.5936566887617475,0.7663297412446487,0.8909399729515476,0.9600112812822056,0.988848514326397,0.997714560611954
clip     | alpha=0.0449013671875,167,0.03104182391555359,0.005628195308723131,0.015079450680603247,0.03104182391555359,0.04497174133030341,0.06503578988960335,0.09323079838738342,0.1316074410435788,0.18189380400426902,0.2450072276763245,0.40652785608706127,0.5936566887617475,0.7663297412446487,0.8909399729515476,0.9600112812822056,0.988848514326397,0.997714560611954
clip     | alpha=0.0449013671875,168,0.03117110964480739,0.005629695697381923,0.015106206407431613,0.03117110964480739,0.04522859696944558,0.06551315709326064,0.09406100690366243,0.13295879853624346,0.18395258475306758,0.24794247880513806,0.4114109870355773,0.5998507690125504,0.7722762158226116,0.8952147380805661,0.9622794732652037,0.9897202755072556,0.9979514757186161
clip     | alpha=0.0449013671875,169,0.03117110964480739,0.005629695697381923,0.015106206407431613,0.03117110964480739,0.04522859696944558,0.06551315709326064,0.09406100690366243,0.13295879853624346,0.18395258475306758,0.24794247880513806,0.4114109870355773,0.5998507690125504,0.7722762158226116,0.8952147380805661,0.9622794732652037,0.9897202755072556,0.9979514757186161
clip     | alpha=0.0449013671875,170,0.031320979017368585,0.005631417570980091,0.015137172301601876,0.031320979017368585,0.045526227618874114,0.06606564076913424,0.09501992872712503,0.1345152806573249,0.18631527937555922,0.2512960556179811,0.41692665285698305,0.6067438020572169,0.7787723822638289,0.8997815909877664,0.9646395436468683,0.9905998623171804,0.9981821686776622
clip     | alpha=0.0449013671875,171,0.031320979017368585,0.005631417570980091,0.015137172301601876,0.031320979017368585,0.045526227618874114,0.06606564076913424,0.09501992872712503,0.1345152806573249,0.18631527937555922,0.2512960556179811,0.41692665285698305,0.6067438020572169,0.7787723822638289,0.8997815909877664,0.9646395436468683,0.9905998623171804,0.9981821686776622
clip     | alpha=0.0449013671875,172,0.03148725724903664,0.005633308864653006,0.015171473611537322,0.03148725724903664,0.04585631308885741,0.06667763387665489,0.09608001065198929,0.13623112634424267,0.18891044628868386,0.2549632291476389,0.4228895556429642,0.6140856282947794,0.785564652075379,0.9044512159074077,0.9669898815624607,0.9914492776547988,0.998397167526137
clip     | alpha=0.0449013671875,173,0.03148725724903664,0.005633308864653006,0.015171473611537322,0.03148725724903664,0.04585631308885741,0.06667763387665489,0.09608001065198929,0.13623112634424267,0.18891044628868386,0.2549632291476389,0.4228895556429642,0.6140856282947794,0.785564652075379,0.9044512159074077,0.9669898815624607,0.9914492776547988,0.998397167526137
clip     | alpha=0.0449013671875,174,0.03148725724903664,0.005633308864653006,0.015171473611537322,0.03148725724903664,0.04585631308885741,0.06667763387665489,0.09608001065198929,0.13623112634424267,0.18891044628868386,0.2549632291476389,0.4228895556429642,0.6140856282947794,0.785564652075379,0.9044512159074077,0.9669898815624607,0.9914492776547988,0.998397167526137
clip     | alpha=0.0449013671875,175,0.03157751884106622,0.005634223618544688,0.015189320154553985,0.03157751884106622,0.04603900546268158,0.06702258060856714,0.0966877909332207,0.13723062256833918,0.1904445713599541,0.25716067291720507,0.4265482032873782,0.6186768067400202,0.7898732848817714,0.9074414282222646,0.9685015434855481,0.9919950926733226,0.9985344171135795
clip     | alpha=0.0449013671875,176,0.03157751884106622,0.005634223618544688,0.015189320154553985,0.03157751884106622,0.04603900546268158,0.06702258060856714,0.0966877909332207,0.13723062256833918,0.1904445713599541,0.25716067291720507,0.4265482032873782,0.6186768067400202,0.7898732848817714,0.9074414282222646,0.9685015434855481,0.9919950926733226,0.9985344171135795
clip     | alpha=0.0449013671875,177,0.03169680602537143,0.005635420442459281,0.015212867907657624,0.03169680602537143,0.04628034999510278,0.06747772312380902,0.09748812466726699,0.13854307489999584,0.1924517533899724,0.2600229341188993,0.43125958898358285,0.6245016762950378,0.7952394688750887,0.911083389215122,0.9702947417750728,0.9926229416083918,0.9986867806807461
clip     | alpha=0.0449013671875,178,0.03169680602537143,0.005635420442459281,0.015212867907657624,0.03169680602537143,0.04628034999510278,0.06747772312380902,0.09748812466726699,0.13854307489999584,0.1924517533899724,0.2600229341188993,0.43125958898358285,0.6245016762950378,0.7952394688750887,0.911083389215122,0.9702947417750728,0.9926229416083918,0.9986867806807461
clip     | alpha=0.0449013671875,179,0.03183500049503866,0.0056367931004078645,0.015240104384066491,0.03183500049503866,0.04655983633613223,0.06800416309132944,0.09841197520888087,0.14005382279467768,0.19475382500983496,0.2632911206408377,0.43657801118223943,0.6309798757191922,0.8010981210243605,0.9149718223222535,0.9721594377610986,0.9932560395775781,0.9988350520485919
clip     | alpha=0.0449013671875,180,0.03183500049503866,0.0056367931004078645,0.015240104384066491,0.03183500049503866,0.04655983633613223,0.06800416309132944,0.09841197520888087,0.14005382279467768,0.19475382500983496,0.2632911206408377,0.43657801118223943,0.6309798757191922,0.8010981210243605,0.9149718223222535,0.9721594377610986,0.9932560395775781,0.9988350520485919
clip     | alpha=0.0449013671875,181,0.031988235947965536,0.005638299936856107,0.015270256936904541,0.031988235947965536,0.04686961780040638,0.06858696641355184,0.09943268910979428,0.14171827823613803,0.19728092611820283,0.26686283008567585,0.4423243162479729,0.6378758262756024,0.8072202374335875,0.918945436449469,0.9740153587044378,0.9938670637557027,0.9989731557036848
clip     | alpha=0.0449013671875,182,0.031988235947965536,0.005638299936856107,0.015270256936904541,0.031988235947965536,0.04686961780040638,0.06858696641355184,0.09943268910979428,0.14171827823613803,0.19728092611820283,0.26686283008567585,0.4423243162479729,0.6378758262756024,0.8072202374335875,0.918945436449469,0.9740153587044378,0.9938670637557027,0.9989731557036848
clip     | alpha=0.0449013671875,183,0.031988235947965536,0.005638299936856107,0.015270256936904541,0.031988235947965536,0.04686961780040638,0.06858696641355184,0.09943268910979428,0.14171827823613803,0.19728092611820283,0.26686283008567585,0.4423243162479729,0.6378758262756024,0.8072202374335875,0.918945436449469,0.9740153587044378,0.9938670637557027,0.9989731557036848
clip     | alpha=0.0449013671875,184,0.03207137158870059,0.005639028340001674,0.01528593628075959,0.03207137158870059,0.04704097795268105,0.06891527929470573,0.10001757562070426,0.1426873044007462,0.19877399034448168,0.2690018894210748,0.4458481217959515,0.6421857998757273,0.8111016207769863,0.921488552147526,0.9752083691320937,0.9942594774711402,0.99906126880484
clip     | alpha=0.0449013671875,185,0.03207137158870059,0.005639028340001674,0.01528593628075959,0.03207137158870059,0.04704097795268105,0.06891527929470573,0.10001757562070426,0.1426873044007462,0.19877399034448168,0.2690018894210748,0.4458481217959515,0.6421857998757273,0.8111016207769863,0.921488552147526,0.9752083691320937,0.9942594774711402,0.99906126880484
clip     | alpha=0.0449013671875,186,0.032181195370541114,0.005639980952233553,0.015306615855488266,0.032181195370541114,0.04726725746463588,0.06934829299878514,0.10078744043433749,0.14395921396454975,0.20072663326425508,0.2717869373465154,0.4503839683778837,0.6476516156481796,0.8159336656835328,0.9245846717658642,0.9766229775239442,0.9947106807085397,0.9991590440512557
clip     | alpha=0.0449013671875,187,0.032181195370541114,0.005639980952233553,0.015306615855488266,0.032181195370541114,0.04726725746463588,0.06934829299878514,0.10078744043433749,0.14395921396454975,0.20072663326425508,0.2717869373465154,0.4503839683778837,0.6476516156481796,0.8159336656835328,0.9245846717658642,0.9766229775239442,0.9947106807085397,0.9991590440512557
clip     | alpha=0.0449013671875,188,0.03230837411826941,0.005641073070064532,0.015330525015869317,0.03230837411826941,0.047529190110797793,0.06984893163540426,0.10167575409180296,0.14542269117973122,0.20296523159299712,0.27496565180527854,0.4555021274740316,0.6537279879043538,0.821206988869762,0.9278889632181422,0.9780933833797424,0.9951654689620493,0.9992541540891658
clip     | alpha=0.0449013671875,189,0.03230837411826941,0.005641073070064532,0.015330525015869317,0.03230837411826941,0.047529190110797793,0.06984893163540426,0.10167575409180296,0.14542269117973122,0.20296523159299712,0.27496565180527854,0.4555021274740316,0.6537279879043538,0.821206988869762,0.9278889632181422,0.9780933833797424,0.9951654689620493,0.9992541540891658
clip     | alpha=0.0449013671875,190,0.0324493393229784,0.005642271470820922,0.015356983580465534,0.0324493393229784,0.04781940070328924,0.07040295275096158,0.10265681831880197,0.14703443097862812,0.2054216862486369,0.27843821049251505,0.46102987805543166,0.6601936497488722,0.826715282057169,0.9312643084166979,0.9795562928437407,0.9956042274219057,0.9993427070369723
clip     | alpha=0.0449013671875,191,0.0324493393229784,0.005642271470820922,0.015356983580465534,0.0324493393229784,0.04781940070328924,0.07040295275096158,0.10265681831880197,0.14703443097862812,0.2054216862486369,0.27843821049251505,0.46102987805543166,0.6601936497488722,0.826715282057169,0.9312643084166979,0.9795562928437407,0.9956042274219057,0.9993427070369723
clip     | alpha=0.0449013671875,192,0.032602239624751936,0.005643558337883607,0.015385636393644334,0.032602239624751936,0.048134056635201775,0.07100291967144386,0.10371711542273622,0.14877144342029264,0.2080594771299153,0.28215054160557046,0.4668721548682465,0.6669262160106244,0.8323458051218567,0.9346384016374619,0.9809805772177426,0.996018456709476,0.9994233894215026
clip     | alpha=0.0449013671875,193,0.032602239624751936,0.005643558337883607,0.015385636393644334,0.032602239624751936,0.048134056635201775,0.07100291967144386,0.10371711542273622,0.14877144342029264,0.2080594771299153,0.28215054160557046,0.4668721548682465,0.6669262160106244,0.8323458051218567,0.9346384016374619,0.9809805772177426,0.996018456709476,0.9994233894215026
clip     | alpha=0.0449013671875,194,0.032602239624751936,0.005643558337883607,0.015385636393644334,0.032602239624751936,0.048134056635201775,0.07100291967144386,0.10371711542273622,0.14877144342029264,0.2080594771299153,0.28215054160557046,0.4668721548682465,0.6669262160106244,0.8323458051218567,0.9346384016374619,0.9809805772177426,0.996018456709476,0.9994233894215026
clip     | alpha=0.0449013671875,195,0.03268409076669455,0.005644172139163344,0.01540033782003501,0.03268409076669455,0.048305799515823145,0.07133640875162167,0.10431660765410426,0.14976926907967286,0.20959722325952282,0.2843442647790343,0.47040719049622476,0.6710781411628179,0.8358680707497008,0.9367691193358305,0.9818839559978612,0.9962809480573124,0.9994741822557394
clip     | alpha=0.0449013671875,196,0.03268409076669455,0.005644172139163344,0.01540033782003501,0.03268409076669455,0.048305799515823145,0.07133640875162167,0.10431660765410426,0.14976926907967286,0.20959722325952282,0.2843442647790343,0.47040719049622476,0.6710781411628179,0.8358680707497008,0.9367691193358305,0.9818839559978612,0.9962809480573124,0.9994741822557394
clip     | alpha=0.0449013671875,197,0.03279142070509588,0.005644968957136331,0.015419584693156529,0.03279142070509588,0.04853091280196102,0.07177300734029088,0.10509988112191251,0.15106932606122592,0.2115934780644777,0.28717943184301775,0.47492395250374775,0.6763047125440521,0.8402207184729803,0.9393440439373453,0.9829472389877151,0.9965805399195516,0.9995301293931648
clip     | alpha=0.0449013671875,198,0.03279142070509588,0.005644968957136331,0.015419584693156529,0.03279142070509588,0.04853091280196102,0.07177300734029088,0.10509988112191251,0.15106932606122592,0.2115934780644777,0.28717943184301775,0.47492395250374775,0.6763047125440521,0.8402207184729803,0.9393440439373453,0.9829472389877151,0.9965805399195516,0.9995301293931648
clip     | alpha=0.0449013671875,199,0.03291497079752057,0.005645877021245169,0.015441704786242277,0.03291497079752057,0.0487899425062126,0.07227478242663837,0.10599828026519101,0.15255627537639302,0.21386843596192703,0.2903960650744971,0.4799902032133235,0.6820804881697597,0.8449425554777357,0.942075719875546,0.9840458751870029,0.9968807125488769,0.9995842271616563
clip     | alpha=0.0449013671875,200,0.03291497079752057,0.005645877021245169,0.015441704786242277,0.03291497079752057,0.0487899425062126,0.07227478242663837,0.10599828026519101,0.15255627537639302,0.21386843596192703,0.2903960650744971,0.4799902032133235,0.6820804881697597,0.8449425554777357,0.942075719875546,0.9840458751870029,0.9968807125488769,0.9995842271616563
clip     | alpha=0.0449013671875,201,0.03305124421546844,0.005646868583027315,0.015466063794171389,0.03305124421546844,0.0490755330946991,0.07282734535029284,0.10698563024626352,0.15418585588809217,0.21635257919052284,0.2938928612091782,0.4854351297810243,0.6881962367180104,0.8498506661052111,0.9448524886537208,0.985133564403103,0.9971688887061865,0.9996343489676675
clip     | alpha=0.0449013671875,202,0.03305124421546844,0.005646868583027315,0.015466063794171389,0.03305124421546844,0.0490755330946991,0.07282734535029284,0.10698563024626352,0.15418585588809217,0.21635257919052284,0.2938928612091782,0.4854351297810243,0.6881962367180104,0.8498506661052111,0.9448524886537208,0.985133564403103,0.9971688887061865,0.9996343489676675
clip     | alpha=0.0449013671875,203,0.03305124421546844,0.005646868583027315,0.015466063794171389,0.03305124421546844,0.0490755330946991,0.07282734535029284,0.10698563024626352,0.15418585588809217,0.21635257919052284,0.2938928612091782,0.4854351297810243,0.6881962367180104,0.8498506661052111,0.9448524886537208,0.985133564403103,0.9971688887061865,0.9996343489676675
clip     | alpha=0.0449013671875,204,0.03312484763379763,0.005647345765319613,0.015478674001815252,0.03312484763379763,0.0492328071721247,0.07313723458411753,0.10754887550162089,0.15513034726296723,0.2178137175680664,0.2959777162624256,0.48875923014050987,0.6920015370210227,0.8529485001005176,0.946621697038495,0.9858296272181412,0.9973531366595484,0.9996661851416001
clip     | alpha=0.0449013671875,205,0.03312484763379763,0.005647345765319613,0.015478674001815252,0.03312484763379763,0.0492328071721247,0.07313723458411753,0.10754887550162089,0.15513034726296723,0.2178137175680664,0.2959777162624256,0.48875923014050987,0.6920015370210227,0.8529485001005176,0.946621697038495,0.9858296272181412,0.9973531366595484,0.9996661851416001
clip     | alpha=0.0449013671875,206,0.03322177773579254,0.0056479678939655295,0.01549525411516947,0.03322177773579254,0.04943984231906473,0.07354468216699414,0.10828795634559012,0.15636621007525128,0.2197186835632222,0.29868377517124556,0.49302475117348415,0.6968123763634141,0.8567931261480654,0.9487689447087505,0.9866524228220741,0.9975643309825192,0.9997014028294662
clip     | alpha=0.0449013671875,207,0.03322177773579254,0.0056479678939655295,0.01549525411516947,0.03322177773579254,0.04943984231906473,0.07354468216699414,0.10828795634559012,0.15636621007525128,0.2197186835632222,0.29868377517124556,0.49302475117348415,0.6968123763634141,0.8567931261480654,0.9487689447087505,0.9866524228220741,0.9975643309825192,0.9997014028294662
clip     | alpha=0.0449013671875,208,0.03333370207432671,0.005648679076790956,0.01551436839476589,0.03333370207432671,0.049678808362524134,0.0740144055551041,0.1091382942365413,0.1577841169683368,0.2218963346128375,0.301763442516802,0.4978240216856378,0.7021452089933728,0.8609767752172972,0.951053967167525,0.9875052100223035,0.9977765904102316,0.9997355618958852
clip     | alpha=0.0449013671875,209,0.03333370207432671,0.005648679076790956,0.01551436839476589,0.03333370207432671,0.049678808362524134,0.0740144055551041,0.1091382942365413,0.1577841169683368,0.2218963346128375,0.301763442516802,0.4978240216856378,0.7021452089933728,0.8609767752172972,0.951053967167525,0.9875052100223035,0.9977765904102316,0.9997355618958852
clip     | alpha=0.0449013671875,210,0.033457432318175925,0.005649457413990068,0.015535465061346463,0.033457432318175925,0.04994287514447038,0.07453284506280639,0.110074942609201,0.15934155447424309,0.22427961322700665,0.3051189316398926,0.5029937037818585,0.7078047409838162,0.8653353234664123,0.9533819741119768,0.9883514135852542,0.9979808287181484,0.9997672821465953
clip     | alpha=0.0449013671875,211,0.033457432318175925,0.005649457413990068,0.015535465061346463,0.033457432318175925,0.04994287514447038,0.07453284506280639,0.110074942609201,0.15934155447424309,0.22427961322700665,0.3051189316398926,0.5029937037818585,0.7078047409838162,0.8653353234664123,0.9533819741119768,0.9883514135852542,0.9979808287181484,0.9997672821465953
clip     | alpha=0.0449013671875,212,0.033591315960731956,0.005650291200055229,0.015558256411966651,0.033591315960731956,0.050228497154550814,0.07509293054125264,0.11108480442805269,0.16101601094743972,0.22683267698929033,0.3086974906328304,0.5084444098553972,0.7136837402089992,0.8697798835977663,0.955703525965369,0.9891732953491312,0.9981731856037462,0.999796113667197
clip     | alpha=0.0449013671875,213,0.033591315960731956,0.005650291200055229,0.015558256411966651,0.033591315960731956,0.050228497154550814,0.07509293054125264,0.11108480442805269,0.16101601094743972,0.22683267698929033,0.3086974906328304,0.5084444098553972,0.7136837402089992,0.8697798835977663,0.955703525965369,0.9891732953491312,0.9981731856037462,0.999796113667197
clip     | alpha=0.0449013671875,214,0.033591315960731956,0.005650291200055229,0.015558256411966651,0.033591315960731956,0.050228497154550814,0.07509293054125264,0.11108480442805269,0.16101601094743972,0.22683267698929033,0.3086974906328304,0.5084444098553972,0.7136837402089992,0.8697798835977663,0.955703525965369,0.9891732953491312,0.9981731856037462,0.999796113667197
clip     | alpha=0.0449013671875,215,0.033662830081881735,0.005650688022860435,0.015569924780944228,0.033662830081881735,0.05038405158199321,0.0754035699211327,0.11165453014415443,0.16197579490653316,0.2283177705922118,0.3108075330448144,0.5117352918863444,0.717301337070965,0.8725541619627677,0.9571663601824033,0.9896934475083918,0.9982948125530893,0.9998142245306441
clip     | alpha=0.0449013671875,216,0.033662830081881735,0.005650688022860435,0.015569924780944228,0.033662830081881735,0.05038405158199321,0.0754035699211327,0.11165453014415443,0.16197579490653316,0.2283177705922118,0.3108075330448144,0.5117352918863444,0.717301337070965,0.8725541619627677,0.9571663601824033,0.9896934475083918,0.9982948125530893,0.9998142245306441
clip     | alpha=0.0449013671875,217,0.033756453649199804,0.005651202333130337,0.015585176124539073,0.033756453649199804,0.05058761606339995,0.07580959649826143,0.11239770827409061,0.16322426587872227,0.230242556369966,0.313530141936927,0.5159332970520404,0.7218479164761914,0.8759769396450335,0.9589313042850975,0.9903046802764648,0.9984334058018823,0.9998341409756387
clip     | alpha=0.0449013671875,218,0.033756453649199804,0.005651202333130337,0.015585176124539073,0.033756453649199804,0.05058761606339995,0.07580959649826143,0.11239770827409061,0.16322426587872227,0.230242556369966,0.313530141936927,0.5159332970520404,0.7218479164761914,0.8759769396450335,0.9589313042850975,0.9903046802764648,0.9984334058018823,0.9998341409756387
clip     | alpha=0.0449013671875,219,0.033864057006253265,0.005651787528696601,0.015602676739652167,0.033864057006253265,0.05082148303210019,0.07627550396456614,0.11324878218091079,0.16464997414578716,0.23243262755669564,0.3166142287141054,0.5206346286021737,0.7268643683406284,0.879684212958199,0.9608007551605037,0.9909352456354187,0.9985720499659309,0.999853368870696
clip     | alpha=0.0449013671875,220,0.033864057006253265,0.005651787528696601,0.015602676739652167,0.033864057006253265,0.05082148303210019,0.07627550396456614,0.11324878218091079,0.16464997414578716,0.23243262755669564,0.3166142287141054,0.5206346286021737,0.7268643683406284,0.879684212958199,0.9608007551605037,0.9909352456354187,0.9985720499659309,0.999853368870696
clip     | alpha=0.0449013671875,221,0.033982564723448246,0.0056524255821053795,0.015621920001856502,0.033982564723448246,0.05107894669615649,0.0767878047882298,0.11418272826624015,0.1662101123157044,0.23482051712168242,0.3199619407656161,0.525679835336076,0.7321681873305368,0.8835319970427367,0.9626982357202221,0.9915585982191898,0.9987049549560433,0.9998711570640215
clip     | alpha=0.0449013671875,222,0.033982564723448246,0.0056524255821053795,0.015621920001856502,0.033982564723448246,0.05107894669615649,0.0767878047882298,0.11418272826624015,0.1662101123157044,0.23482051712168242,0.3199619407656161,0.525679835336076,0.7321681873305368,0.8835319970427367,0.9626982357202221,0.9915585982191898,0.9987049549560433,0.9998711570640215
clip     | alpha=0.0449013671875,223,0.03411040115426156,0.0056531069791287405,0.015642644846040565,0.03411040115426156,0.05135656634288881,0.07733954880299487,0.11518656602915993,0.1678822908703077,0.23737061844441235,0.3235211768421753,0.5309828673172845,0.737660660337209,0.8874435928831309,0.964584609735583,0.9921621640036733,0.9988297416198875,0.999887275360174
clip     | alpha=0.0449013671875,224,0.03411040115426156,0.0056531069791287405,0.015642644846040565,0.03411040115426156,0.05135656634288881,0.07733954880299487,0.11518656602915993,0.1678822908703077,0.23737061844441235,0.3235211768421753,0.5309828673172845,0.737660660337209,0.8874435928831309,0.964584609735583,0.9921621640036733,0.9988297416198875,0.999887275360174
clip     | alpha=0.0449013671875,225,0.03411040115426156,0.0056531069791287405,0.015642644846040565,0.03411040115426156,0.05135656634288881,0.07733954880299487,0.11518656602915993,0.1678822908703077,0.23737061844441235,0.3235211768421753,0.5309828673172845,0.737660660337209,0.8874435928831309,0.964584609735583,0.9921621640036733,0.9988297416198875,0.999887275360174
clip     | alpha=0.0449013671875,226,0.03417850763246909,0.005653430432530429,0.01565322765280491,0.03417850763246909,0.05150736948942356,0.07764476623156032,0.11575142092861707,0.1688382774035098,0.23885013252623347,0.32561436996440435,0.5341762671452192,0.7410316249781109,0.8898788494606348,0.9657701437746061,0.9925431554049186,0.9989084389052159,0.9998973739385315
clip     | alpha=0.0449013671875,227,0.03417850763246909,0.005653430432530429,0.01565322765280491,0.03417850763246909,0.05150736948942356,0.07764476623156032,0.11575142092861707,0.1688382774035098,0.23885013252623347,0.32561436996440435,0.5341762671452192,0.7410316249781109,0.8898788494606348,0.9657701437746061,0.9925431554049186,0.9989084389052159,0.9998973739385315
clip     | alpha=0.0449013671875,228,0.03426750944501617,0.005653848895801246,0.015667035178700207,0.03426750944501617,0.051704360804070065,0.07804298738805089,0.11648691816765486,0.17007956891397283,0.24076423297676725,0.3283103732783734,0.5382425819777711,0.7452606071855282,0.8928779458935224,0.967197942276146,0.99299005344059,0.9989979525130671,0.9999084593024112
clip     | alpha=0.0449013671875,229,0.03426750944501617,0.005653848895801246,0.015667035178700207,0.03426750944501617,0.051704360804070065,0.07804298738805089,0.11648691816765486,0.17007956891397283,0.24076423297676725,0.3283103732783734,0.5382425819777711,0.7452606071855282,0.8928779458935224,0.967197942276146,0.99299005344059,0.9989979525130671,0.9999084593024112
clip     | alpha=0.0449013671875,230,0.034369629774709684,0.005654324237481353,0.01568285253128929,0.034369629774709684,0.05193029745295148,0.0784991737090767,0.11732778674328836,0.17149470669218977,0.2429385019927144,0.33135921215424446,0.5427888143794262,0.749918832036607,0.896120887022227,0.9687077538313988,0.9934503149386004,0.9990873491746949,0.9999191435168636
clip     | alpha=0.0449013671875,231,0.034369629774709684,0.005654324237481353,0.01568285253128929,0.034369629774709684,0.05193029745295148,0.0784991737090767,0.11732778674328836,0.17149470669218977,0.2429385019927144,0.33135921215424446,0.5427888143794262,0.749918832036607,0.896120887022227,0.9687077538313988,0.9934503149386004,0.9990873491746949,0.9999191435168636
clip     | alpha=0.0449013671875,232,0.034481926330610486,0.005654841719567194,0.015700218243383978,0.034481926330610486,0.05217864916542892,0.0790000160762081,0.11824911856202812,0.1730409026598449,0.24530552620422288,0.3346635876801936,0.5476600948654285,0.7548363494848893,0.8994815779275094,0.9702378525079924,0.9939046138739938,0.999172913831347,0.9999290125841772
clip     | alpha=0.0449013671875,233,0.034481926330610486,0.005654841719567194,0.015700218243383978,0.034481926330610486,0.05217864916542892,0.0790000160762081,0.11824911856202812,0.1730409026598449,0.24530552620422288,0.3346635876801936,0.5476600948654285,0.7548363494848893,0.8994815779275094,0.9702378525079924,0.9939046138739938,0.999172913831347,0.9999290125841772
clip     | alpha=0.0449013671875,234,0.03460289285635361,0.005655393580035761,0.015718894762628503,0.03460289285635361,0.05244606811414315,0.07953866327116323,0.11923800987009833,0.17469581460195058,0.24782980120081552,0.3381718241782218,0.5527731347772274,0.7599216416951359,0.9028932133806875,0.9717568626598242,0.9943438755696712,0.9992531392634774,0.9999379426398817
clip     | alpha=0.0449013671875,235,0.03460289285635361,0.005655393580035761,0.015718894762628503,0.03460289285635361,0.05244606811414315,0.07953866327116323,0.11923800987009833,0.17469581460195058,0.24782980120081552,0.3381718241782218,0.5527731347772274,0.7599216416951359,0.9028932133806875,0.9717568626598242,0.9943438755696712,0.9992531392634774,0.9999379426398817
clip     | alpha=0.0449013671875,236,0.03460289285635361,0.005655393580035761,0.015718894762628503,0.03460289285635361,0.05244606811414315,0.07953866327116323,0.11923800987009833,0.17469581460195058,0.24782980120081552,0.3381718241782218,0.5527731347772274,0.7599216416951359,0.9028932133806875,0.9717568626598242,0.9943438755696712,0.9992531392634774,0.9999379426398817
clip     | alpha=0.0449013671875,237,0.03466725667554669,0.005655655207654274,0.015728419397670657,0.03466725667554669,0.05259114398793988,0.0798362536682118,0.1197937410223343,0.17564071672953063,0.24929245365413336,0.34023237902370157,0.5558481767350767,0.7630387004678774,0.9050144845046562,0.972710294630548,0.9946207970901457,0.9993036689326037,0.9999435304043063
clip     | alpha=0.0449013671875,238,0.03466725667554669,0.005655655207654274,0.015728419397670657,0.03466725667554669,0.05259114398793988,0.0798362536682118,0.1197937410223343,0.17564071672953063,0.24929245365413336,0.34023237902370157,0.5558481767350767,0.7630387004678774,0.9050144845046562,0.972710294630548,0.9946207970901457,0.9993036689326037,0.9999435304043063
clip     | alpha=0.0449013671875,239,0.0347512876499763,0.005655993363092485,0.015740834505890068,0.0347512876499763,0.05278047381403356,0.08022415482852549,0.12051667070173727,0.17686645008116358,0.25118294168484057,0.34288382307187615,0.5597600602547322,0.7669454342468723,0.9076244156563325,0.9738574698849356,0.9949453138603246,0.9993610888985116,0.9999496583508469
clip     | alpha=0.0449013671875,240,0.0347512876499763,0.005655993363092485,0.015740834505890068,0.0347512876499763,0.05278047381403356,0.08022415482852549,0.12051667070173727,0.17686645008116358,0.25118294168484057,0.34288382307187615,0.5597600602547322,0.7669454342468723,0.9076244156563325,0.9738574698849356,0.9949453138603246,0.9993610888985116,0.9999496583508469
clip     | alpha=0.0449013671875,241,0.03484761520524574,0.005656377125746865,0.01575504359443211,0.03484761520524574,0.05299742219930723,0.0806681076185495,0.12134240611828416,0.17826255714560532,0.2533284009108614,0.34587949534903956,0.5641295862626754,0.7712447187893954,0.9104439375234111,0.9750694161789627,0.9952792251688286,0.9994183807623758,0.9999555590760854
clip     | alpha=0.0449013671875,242,0.03484761520524574,0.005656377125746865,0.01575504359443211,0.03484761520524574,0.05299742219930723,0.0806681076185495,0.12134240611828416,0.17826255714560532,0.2533284009108614,0.34587949534903956,0.5641295862626754,0.7712447187893954,0.9104439375234111,0.9750694161789627,0.9952792251688286,0.9994183807623758,0.9999555590760854
clip     | alpha=0.0449013671875,243,0.034953448093221415,0.005656794540709777,0.015770629818015854,0.034953448093221415,0.05323568309964164,0.08115508800617023,0.12224635680740499,0.1797866113611423,0.2556619963585588,0.34912337776989116,0.5688073869459637,0.7757793036251465,0.9133632518166397,0.9762965613709109,0.9956085193681038,0.999473168320282,0.9999610047895654
clip     | alpha=0.0449013671875,244,0.034953448093221415,0.005656794540709777,0.015770629818015854,0.034953448093221415,0.05323568309964164,0.08115508800617023,0.12224635680740499,0.1797866113611423,0.2556619963585588,0.34912337776989116,0.5688073869459637,0.7757793036251465,0.9133632518166397,0.9762965613709109,0.9956085193681038,0.999473168320282,0.9999610047895654
clip     | alpha=0.0449013671875,245,0.035067356488699235,0.005657239313586029,0.01578737849709979,0.035067356488699235,0.05349202176160543,0.08167838848294111,0.12321578031355634,0.18141645929558273,0.2581485386522041,0.3525645062346219,0.5737132348011282,0.7804646731824858,0.9163243391609047,0.9775137937694053,0.9959266474532229,0.9995244941421182,0.9999659282353596
clip     | alpha=0.0449013671875,246,0.035067356488699235,0.005657239313586029,0.01578737849709979,0.035067356488699235,0.05349202176160543,0.08167838848294111,0.12321578031355634,0.18141645929558273,0.2581485386522041,0.3525645062346219,0.5737132348011282,0.7804646731824858,0.9163243391609047,0.9775137937694053,0.9959266474532229,0.9995244941421182,0.9999659282353596
clip     | alpha=0.0449013671875,247,0.035067356488699235,0.005657239313586029,0.01578737849709979,0.035067356488699235,0.05349202176160543,0.08167838848294111,0.12321578031355634,0.18141645929558273,0.2581485386522041,0.3525645062346219,0.5737132348011282,0.7804646731824858,0.9163243391609047,0.9775137937694053,0.9959266474532229,0.9995244941421182,0.9999659282353596
clip     | alpha=0.0449013671875,248,0.03512791699227393,0.005657450006408986,0.015795913233456242,0.03512791699227393,0.05363097679266798,0.08196727201502352,0.12376014115108759,0.18234631630265394,0.2595881904823721,0.35458405036159796,0.5766613407234567,0.7833343307358943,0.9181640176237723,0.97827720699996,0.9961270450596019,0.9995567959958449,0.9999690065302816
clip     | alpha=0.0449013671875,249,0.03512791699227393,0.005657450006408986,0.015795913233456242,0.03512791699227393,0.05363097679266798,0.08196727201502352,0.12376014115108759,0.18234631630265394,0.2595881904823721,0.35458405036159796,0.5766613407234567,0.7833343307358943,0.9181640176237723,0.97827720699996,0.9961270450596019,0.9995567959958449,0.9999690065302816
clip     | alpha=0.0449013671875,250,0.03520693505383573,0.005657722164863714,0.015807031359062328,0.03520693505383573,0.0538122098499923,0.0823435980385912,0.12446785466112462,0.1835518091689693,0.2614478334068307,0.35718116389621674,0.5804094932207455,0.7869288283585795,0.9204261295806904,0.9791951993079733,0.9963617446153519,0.9995934805480616,0.9999723803852196
clip     | alpha=0.0449013671875,251,0.03520693505383573,0.005657722164863714,0.015807031359062328,0.03520693505383573,0.0538122098499923,0.0823435980385912,0.12446785466112462,0.1835518091689693,0.2614478334068307,0.35718116389621674,0.5804094932207455,0.7869288283585795,0.9204261295806904,0.9791951993079733,0.9963617446153519,0.9995934805480616,0.9999723803852196
clip     | alpha=0.0449013671875,252,0.035297462139263075,0.005658030845361339,0.01581974846576252,0.035297462139263075,0.054019756549295306,0.08277404633224505,0.12527572817827376,0.18492404385951233,0.2635570293305704,0.36011370289960426,0.5845936379106594,0.7908821449984544,0.9228684438083393,0.9801644445437739,0.9966030946014528,0.9996300614383857,0.9999756272025732
clip     | alpha=0.0449013671875,253,0.035297462139263075,0.005658030845361339,0.01581974846576252,0.035297462139263075,0.054019756549295306,0.08277404633224505,0.12527572817827376,0.18492404385951233,0.2635570293305704,0.36011370289960426,0.5845936379106594,0.7908821449984544,0.9228684438083393,0.9801644445437739,0.9966030946014528,0.9996300614383857,0.9999756272025732
clip     | alpha=0.0449013671875,254,0.035396864565795515,0.005658366399681229,0.01583369002458428,0.035396864565795515,0.05424756011961853,0.08324593984915728,0.1261596127200286,0.18642117010897566,0.2658498525220352,0.36328738147308987,0.5890703835317909,0.7950494115618215,0.9253957348900459,0.9811452764592421,0.9968409694747674,0.9996650230626942,0.9999786219182255
clip     | alpha=0.0449013671875,255,0.035396864565795515,0.005658366399681229,0.01583369002458428,0.035396864565795515,0.05424756011961853,0.08324593984915728,0.1261596127200286,0.18642117010897566,0.2658498525220352,0.36328738147308987,0.5890703835317909,0.7950494115618215,0.9253957348900459,0.9811452764592421,0.9968409694747674,0.9996650230626942,0.9999786219182255
clip     | alpha=0.0449013671875,256,0.0355037922307223,0.005658723747491763,0.015848663030785855,0.0355037922307223,0.05449251148835767,0.08375274576989704,0.12710698866690834,0.18802132898371385,0.26829158937012476,0.3666521619175484,0.5937627593654901,0.7993528501634816,0.9279577615166106,0.982117643325647,0.9970706501787351,0.9996977574020699,0.9999813279193658
clip     | alpha=0.0449013671875,257,0.0355037922307223,0.005658723747491763,0.015848663030785855,0.0355037922307223,0.05449251148835767,0.08375274576989704,0.12710698866690834,0.18802132898371385,0.26829158937012476,0.3666521619175484,0.5937627593654901,0.7993528501634816,0.9279577615166106,0.982117643325647,0.9970706501787351,0.9996977574020699,0.9999813279193658
clip     | alpha=0.0449013671875,258,0.03561742995817281,0.005659099722326667,0.01586455018217531,0.03561742995817281,0.05475273023167081,0.08429049365295196,0.12811019099232543,0.18971101941446425,0.270860603594579,0.37017659998408536,0.5986219341612107,0.8037434039450525,0.9305237303293418,0.9830700119408033,0.9972897488842626,0.9997280373357907,0.9999837436011169
clip     | alpha=0.0449013671875,259,0.03561742995817281,0.005659099722326667,0.01586455018217531,0.03561742995817281,0.05475273023167081,0.08429049365295196,0.12811019099232543,0.18971101941446425,0.270860603594579,0.37017659998408536,0.5986219341612107,0.8037434039450525,0.9305237303293418,0.9830700119408033,0.9972897488842626,0.9997280373357907,0.9999837436011169
clip     | alpha=0.0449013671875,260,0.03561742995817281,0.005659099722326667,0.01586455018217531,0.03561742995817281,0.05475273023167081,0.08429049365295196,0.12811019099232543,0.18971101941446425,0.270860603594579,0.37017659998408536,0.5986219341612107,0.8037434039450525,0.9305237303293418,0.9830700119408033,0.9972897488842626,0.9997280373357907,0.9999837436011169
clip     | alpha=0.0449013671875,261,0.03567733091509163,0.005659276304843126,0.015872576808768534,0.03567733091509163,0.05489258465752366,0.08458481911962415,0.12866871177068334,0.19066679009339027,0.27233531014377416,0.37222738351471096,0.6015170704080928,0.8064095442525074,0.932104321517676,0.9836622123879988,0.9974265872274137,0.999746931336669,0.9999852410715648
clip     | alpha=0.0449013671875,262,0.03567733091509163,0.005659276304843126,0.015872576808768534,0.03567733091509163,0.05489258465752366,0.08458481911962415,0.12866871177068334,0.19066679009339027,0.27233531014377416,0.37222738351471096,0.6015170704080928,0.8064095442525074,0.932104321517676,0.9836622123879988,0.9974265872274137,0.999746931336669,0.9999852410715648
clip     | alpha=0.0449013671875,263,0.03575509288677363,0.00565950324763832,0.015882980109079632,0.03575509288677363,0.055074067664133135,0.08496629397502349,0.1293911597104067,0.1918996075899357,0.2742305941904458,0.3748513242351811,0.6051792512421994,0.8097322182838215,0.9340380181342545,0.9843707202936246,0.9975860370918807,0.9997682802766857,0.9999868740146575
clip     | alpha=0.0449013671875,264,0.03575509288677363,0.00565950324763832,0.015882980109079632,0.03575509288677363,0.055074067664133135,0.08496629397502349,0.1293911597104067,0.1918996075899357,0.2742305941904458,0.3748513242351811,0.6051792512421994,0.8097322182838215,0.9340380181342545,0.9843707202936246,0.9975860370918807,0.9997682802766857,0.9999868740146575
clip     | alpha=0.0449013671875,265,0.03584380089292176,0.0056597595467780095,0.0158948288243113,0.03584380089292176,0.0552810140123255,0.08540077022722266,0.13021233491981646,0.19329695992948584,0.2763710440347042,0.3778015161488872,0.6092499842141891,0.8133709876043739,0.9361168490597774,0.985115594131329,0.9977493056481704,0.9997894780748906,0.9999884387680082
clip     | alpha=0.0449013671875,266,0.03584380089292176,0.0056597595467780095,0.0158948288243113,0.03584380089292176,0.0552810140123255,0.08540077022722266,0.13021233491981646,0.19329695992948584,0.2763710440347042,0.3778015161488872,0.6092499842141891,0.8133709876043739,0.9361168490597774,0.985115594131329,0.9977493056481704,0.9997894780748906,0.9999884387680082
clip     | alpha=0.0449013671875,267,0.03594085318659272,0.005660037150528204,0.01590777134357372,0.03594085318659272,0.055507336131191194,0.0858753547837088,0.1311075193800676,0.19481596944704002,0.27868941663864694,0.38098273794163895,0.6135896159440618,0.8171927945310797,0.9382602204634005,0.9858666429591089,0.9979096406651744,0.9998096641842457,0.9999898767987225
clip     | alpha=0.0449013671875,268,0.03594085318659272,0.005660037150528204,0.01590777134357372,0.03594085318659272,0.055507336131191194,0.0858753547837088,0.1311075193800676,0.19481596944704002,0.27868941663864694,0.38098273794163895,0.6135896159440618,0.8171927945310797,0.9382602204634005,0.9858666429591089,0.9979096406651744,0.9998096641842457,0.9999898767987225
clip     | alpha=0.0449013671875,269,0.036044927703478474,0.005660331863412809,0.01592162811305695,0.036044927703478474,0.05574993671840925,0.08638346365078431,0.13206401911344007,0.1964344618966268,0.28115067401437865,0.38434501303580915,0.6181241091040219,0.8211271951176439,0.9404262845883269,0.9866088913052488,0.9980639704767628,0.9998285054512404,0.999991172145497
clip     | alpha=0.0449013671875,270,0.036044927703478474,0.005660331863412809,0.01592162811305695,0.036044927703478474,0.05574993671840925,0.08638346365078431,0.13206401911344007,0.1964344618966268,0.28115067401437865,0.38434501303580915,0.6181241091040219,0.8211271951176439,0.9404262845883269,0.9866088913052488,0.9980639704767628,0.9998285054512404,0.999991172145497
clip     | alpha=0.0449013671875,271,0.036044927703478474,0.005660331863412809,0.01592162811305695,0.036044927703478474,0.05574993671840925,0.08638346365078431,0.13206401911344007,0.1964344618966268,0.28115067401437865,0.38434501303580915,0.6181241091040219,0.8211271951176439,0.9404262845883269,0.9866088913052488,0.9980639704767628,0.9998285054512404,0.999991172145497
clip     | alpha=0.0449013671875,272,0.03610008042762992,0.005660471018597509,0.015928666292939916,0.03610008042762992,0.05588101804614805,0.0866630508286264,0.13259938044839462,0.19735484488057778,0.2825710635862317,0.38631187791659605,0.620840214262946,0.8235290879160967,0.9417676615310946,0.9870728979919255,0.9981608716791313,0.9998403247159496,0.9999919794101458
clip     | alpha=0.0449013671875,273,0.03610008042762992,0.005660471018597509,0.015928666292939916,0.03610008042762992,0.05588101804614805,0.0866630508286264,0.13259938044839462,0.19735484488057778,0.2825710635862317,0.38631187791659605,0.620840214262946,0.8235290879160967,0.9417676615310946,0.9870728979919255,0.9981608716791313,0.9998403247159496,0.9999919794101458
clip     | alpha=0.0449013671875,274,0.03617187398079016,0.0056606503486460414,0.015937813392667706,0.03617187398079016,0.05605158133378896,0.08702641349352824,0.13329376364119902,0.19854526057231767,0.2844015274054898,0.3888353220832159,0.6242853182488766,0.8265306223665788,0.9434131869435628,0.9876295518001068,0.9982740935923071,0.99985371617264,0.9999928621113112
clip     | alpha=0.0449013671875,275,0.03617187398079016,0.0056606503486460414,0.015937813392667706,0.03617187398079016,0.05605158133378896,0.08702641349352824,0.13329376364119902,0.19854526057231767,0.2844015274054898,0.3888353220832159,0.6242853182488766,0.8265306223665788,0.9434131869435628,0.9876295518001068,0.9982740935923071,0.99985371617264,0.9999928621113112
clip     | alpha=0.0449013671875,276,0.036253939738238046,0.005660853287309222,0.015948252527837287,0.036253939738238046,0.05624647078855193,0.08744110143696078,0.13408464156657776,0.19989729191787792,0.2864729698855458,0.39167828326269716,0.6281225333499886,0.8298243759119641,0.9451858100483416,0.988215965604485,0.9983902624897909,0.9998670398233268,0.999993709669493
clip     | alpha=0.0449013671875,277,0.036253939738238046,0.005660853287309222,0.015948252527837287,0.036253939738238046,0.05624647078855193,0.08744110143696078,0.13408464156657776,0.19989729191787792,0.2864729698855458,0.39167828326269716,0.6281225333499886,0.8298243759119641,0.9451858100483416,0.988215965604485,0.9983902624897909,0.9998670398233268,0.999993709669493
clip     | alpha=0.0449013671875,278,0.03634386068405995,0.005661073427264466,0.015959672577101486,0.03634386068405995,0.05645992929780269,0.08789475556312519,0.13494810123496417,0.20136925604921677,0.28871998998365656,0.3947485104160371,0.6322194044906772,0.8332890406586659,0.94701622926751,0.9888081344230478,0.9985045165376862,0.9998797467640631,0.9999944897648457
clip     | alpha=0.0449013671875,279,0.03634386068405995,0.005661073427264466,0.015959672577101486,0.03634386068405995,0.05645992929780269,0.08789475556312519,0.13494810123496417,0.20136925604921677,0.28871998998365656,0.3947485104160371,0.6322194044906772,0.8332890406586659,0.94701622926751,0.9888081344230478,0.9985045165376862,0.9998797467640631,0.9999944897648457
clip     | alpha=0.0449013671875,280,0.036440397271491475,0.005661307399941732,0.015971913203020955,0.036440397271491475,0.056689000658547366,0.08838100657016862,0.13587174999546656,0.20293940150363296,0.29110820391620756,0.39799715559123877,0.636505093523351,0.8368598242158941,0.9488681266623407,0.9893940284594457,0.9986146160805128,0.9998916205977855,0.9999951932550474
clip     | alpha=0.0449013671875,281,0.036440397271491475,0.005661307399941732,0.015971913203020955,0.036440397271491475,0.056689000658547366,0.08838100657016862,0.13587174999546656,0.20293940150363296,0.29110820391620756,0.39799715559123877,0.636505093523351,0.8368598242158941,0.9488681266623407,0.9893940284594457,0.9986146160805128,0.9998916205977855,0.9999951932550474
clip     | alpha=0.0449013671875,282,0.036542801433525014,0.005661553111736873,0.01598487704903709,0.036542801433525014,0.05693189797056678,0.08889598703129638,0.1368480116608276,0.20459432199991212,0.2936162417751827,0.40139363229197056,0.6409348881972201,0.84049613023625,0.950719431192504,0.9899668076208233,0.9987194481176392,0.9999025837516902,0.9999958201041445
clip     | alpha=0.0449013671875,283,0.036542801433525014,0.005661553111736873,0.01598487704903709,0.036542801433525014,0.05693189797056678,0.08889598703129638,0.1368480116608276,0.20459432199991212,0.2936162417751827,0.40139363229197056,0.6409348881972201,0.84049613023625,0.950719431192504,0.9899668076208233,0.9987194481176392,0.9999025837516902,0.9999958201041445
clip     | alpha=0.0449013671875,284,0.036542801433525014,0.005661553111736873,0.01598487704903709,0.036542801433525014,0.05693189797056678,0.08889598703129638,0.1368480116608276,0.20459432199991212,0.2936162417751827,0.40139363229197056,0.6409348881972201,0.84049613023625,0.950719431192504,0.9899668076208233,0.9987194481176392,0.9999025837516902,0.9999958201041445
clip     | alpha=0.0449013671875,285,0.036596687159878946,0.005661668313689978,0.015991415363471713,0.036596687159878946,0.05706221622712499,0.08917736157039631,0.13739058937755297,0.20552879897749676,0.29505344472814404,0.40336652510362137,0.6435696113894449,0.8427004217935914,0.9518578208977617,0.9903223536053691,0.998784807348605,0.9999094126309618,0.9999962080101108
clip     | alpha=0.0449013671875,286,0.036596687159878946,0.005661668313689978,0.015991415363471713,0.036596687159878946,0.05706221622712499,0.08917736157039631,0.13739058937755297,0.20552879897749676,0.29505344472814404,0.40336652510362137,0.6435696113894449,0.8427004217935914,0.9518578208977617,0.9903223536053691,0.998784807348605,0.9999094126309618,0.9999962080101108
clip     | alpha=0.0449013671875,287,0.036666548411248966,0.005661816176057572,0.015999878532095124,0.036666548411248966,0.05723110241307244,0.0895415716729461,0.13809149297933665,0.20673256701665968,0.2968981029618666,0.4058874900358812,0.6468980066035749,0.8454439086855751,0.9532486983166327,0.9907471696035325,0.9988608666613096,0.9999171186652386,0.9999966304533507
clip     | alpha=0.0449013671875,288,0.036666548411248966,0.005661816176057572,0.015999878532095124,0.036666548411248966,0.05723110241307244,0.0895415716729461,0.13809149297933665,0.20673256701665968,0.2968981029618666,0.4058874900358812,0.6468980066035749,0.8454439086855751,0.9532486983166327,0.9907471696035325,0.9988608666613096,0.9999171186652386,0.9999966304533507
clip     | alpha=0.0449013671875,289,0.036746139769015695,0.005661982947775869,0.01600950500337107,0.036746139769015695,0.05742343369589041,0.0899558441808703,0.13888714205675678,0.20809521583552867,0.29897866496229997,0.4087182109412219,0.6505928983348472,0.8484444780823072,0.9547420210849379,0.9911932086539006,0.9989386460980071,0.9999247601785105,0.9999970347286469
clip     | alpha=0.0449013671875,290,0.036746139769015695,0.005661982947775869,0.01600950500337107,0.036746139769015695,0.05742343369589041,0.0899558441808703,0.13888714205675678,0.20809521583552867,0.29897866496229997,0.4087182109412219,0.6505928983348472,0.8484444780823072,0.9547420210849379,0.9911932086539006,0.9989386460980071,0.9999247601785105,0.9999970347286469
clip     | alpha=0.0449013671875,291,0.0368331076842432,0.0056621633536789165,0.01602000682983439,0.0368331076842432,0.05763350625286869,0.09040778735527248,0.1397534023903037,0.20957462625414208,0.3012293203513873,0.4117667438879903,0.65452687824995,0.85159199486505,0.9562797582474035,0.9916423763293386,0.9990149313848109,0.9999320277849324,0.9999974057933423
clip     | alpha=0.0449013671875,292,0.0368331076842432,0.0056621633536789165,0.01602000682983439,0.0368331076842432,0.05763350625286869,0.09040778735527248,0.1397534023903037,0.20957462625414208,0.3012293203513873,0.4117667438879903,0.65452687824995,0.85159199486505,0.9562797582474035,0.9916423763293386,0.9990149313848109,0.9999320277849324,0.9999974057933423
clip     | alpha=0.0449013671875,293,0.03692625458919092,0.005662354645018309,0.016031236804573818,0.03692625458919092,0.057858414270985634,0.09089106618776155,0.14067786961077614,0.21114900647554394,0.30361577709487103,0.41498485442457506,0.6586324985597144,0.8548282939988612,0.9578318834721231,0.9920857402307637,0.999088270049239,0.9999388029464303,0.9999977396332805
clip     | alpha=0.0449013671875,294,0.03692625458919092,0.005662354645018309,0.016031236804573818,0.03692625458919092,0.057858414270985634,0.09089106618776155,0.14067786961077614,0.21114900647554394,0.30361577709487103,0.41498485442457506,0.6586324985597144,0.8548282939988612,0.9578318834721231,0.9920857402307637,0.999088270049239,0.9999388029464303,0.9999977396332805
clip     | alpha=0.0449013671875,295,0.03692625458919092,0.005662354645018309,0.016031236804573818,0.03692625458919092,0.057858414270985634,0.09089106618776155,0.14067786961077614,0.21114900647554394,0.30361577709487103,0.41498485442457506,0.6586324985597144,0.8548282939988612,0.9578318834721231,0.9920857402307637,0.999088270049239,0.9999388029464303,0.9999977396332805
clip     | alpha=0.0449013671875,296,0.03697555881129042,0.0056624448620833144,0.016036934120033246,0.03697555881129042,0.05797979424495061,0.09115668043561713,0.14119469850181884,0.2120432599695446,0.30499139281058635,0.41686518997454486,0.661088845625554,0.8568017016981365,0.958791945740683,0.9923625799805175,0.9991342645017929,0.9999430480972549,0.9999979474408177
clip     | alpha=0.0449013671875,297,0.03697555881129042,0.0056624448620833144,0.016036934120033246,0.03697555881129042,0.05797979424495061,0.09115668043561713,0.14119469850181884,0.2120432599695446,0.30499139281058635,0.41686518997454486,0.661088845625554,0.8568017016981365,0.958791945740683,0.9923625799805175,0.9991342645017929,0.9999430480972549,0.9999979474408177
clip     | alpha=0.0449013671875,298,0.037039681472233923,0.005662561020668605,0.01604433191455707,0.037039681472233923,0.0581375919608829,0.09150157262953343,0.14186444110686408,0.21319883900355432,0.30676256077567154,0.4192754476635981,0.6642016686510357,0.8592655585752739,0.9599686358539179,0.9926943967564855,0.9991879572610939,0.9999478536066683,0.9999981744628497
clip     | alpha=0.0449013671875,299,0.037039681472233923,0.005662561020668605,0.01604433191455707,0.037039681472233923,0.0581375919608829,0.09150157262953343,0.14186444110686408,0.21319883900355432,0.30676256077567154,0.4192754476635981,0.6642016686510357,0.8592655585752739,0.9599686358539179,0.9926943967564855,0.9991879572610939,0.9999478536066683,0.9999981744628497
clip     | alpha=0.0449013671875,300,0.037112912429768066,0.005662692352404663,0.01605276701023993,0.037112912429768066,0.05831773195185219,0.09189482478686031,0.1426265636753546,0.21451011591114136,0.3087650865736849,0.4219884323873086,0.6676656447126316,0.8619668403352257,0.961235064012706,0.9930436367583583,0.9992429976816485,0.9999526304554273,0.9999983922491058
clip     | alpha=0.0449013671875,301,0.037112912429768066,0.005662692352404663,0.01605276701023993,0.037112912429768066,0.05831773195185219,0.09189482478686031,0.1426265636753546,0.21451011591114136,0.3087650865736849,0.4219884323873086,0.6676656447126316,0.8619668403352257,0.961235064012706,0.9930436367583583,0.9992429976816485,0.9999526304554273,0.9999983922491058
clip     | alpha=0.0449013671875,302,0.03719308143808431,0.005662834689034428,0.016061986489343736,0.03719308143808431,0.05851485989148893,0.09232464564287861,0.1434578877162155,0.21593643861267045,0.31093541327201835,0.42491568257014023,0.6713607256530322,0.8648057587883409,0.9625416188268854,0.9933959899799135,0.9992970826258712,0.9999571821401461,0.9999985925217141
clip     | alpha=0.0449013671875,303,0.03719308143808431,0.005662834689034428,0.016061986489343736,0.03719308143808431,0.05851485989148893,0.09232464564287861,0.1434578877162155,0.21593643861267045,0.31093541327201835,0.42491568257014023,0.6713607256530322,0.8648057587883409,0.9625416188268854,0.9933959899799135,0.9992970826258712,0.9999571821401461,0.9999985925217141
clip     | alpha=0.0449013671875,304,0.03727907396221743,0.0056629858383059955,0.016071859853202242,0.03727907396221743,0.05872622272172426,0.09278495122605318,0.14434638937780103,0.21745657852858893,0.3132401137560821,0.4280103552585123,0.6752227536413812,0.8677290921059155,0.9638623581163106,0.9937443071619576,0.9993491557238149,0.9999614317126179,0.9999987729709409
clip     | alpha=0.0449013671875,305,0.03727907396221743,0.0056629858383059955,0.016071859853202242,0.03727907396221743,0.05872622272172426,0.09278495122605318,0.14434638937780103,0.21745657852858893,0.3132401137560821,0.4280103552585123,0.6752227536413812,0.8677290921059155,0.9638623581163106,0.9937443071619576,0.9993491557238149,0.9999614317126179,0.9999987729709409
clip     | alpha=0.0449013671875,306,0.037370216612462676,0.0056631444379503125,0.016082307793214224,0.037370216612462676,0.05895015454646953,0.09327204409420922,0.14528471358181022,0.21905744865947313,0.3156584163601057,0.43124313691258787,0.6792112908508986,0.8707035684903216,0.9651815662817582,0.9940845416391562,0.9993986958621971,0.9999653520647547,0.9999989336263185
clip     | alpha=0.0449013671875,307,0.037370216612462676,0.0056631444379503125,0.016082307793214224,0.037370216612462676,0.05895015454646953,0.09327204409420922,0.14528471358181022,0.21905744865947313,0.3156584163601057,0.43124313691258787,0.6792112908508986,0.8707035684903216,0.9651815662817582,0.9940845416391562,0.9993986958621971,0.9999653520647547,0.9999989336263185
clip     | alpha=0.0449013671875,308,0.037370216612462676,0.0056631444379503125,0.016082307793214224,0.037370216612462676,0.05895015454646953,0.09327204409420922,0.14528471358181022,0.21905744865947313,0.3156584163601057,0.43124313691258787,0.6792112908508986,0.8707035684903216,0.9651815662817582,0.9940845416391562,0.9993986958621971,0.9999653520647547,0.9999989336263185
clip     | alpha=0.0449013671875,309,0.03741813765693372,0.005663218737218371,0.016087572947454262,0.03741813765693372,0.059070200316195906,0.09353796611649784,0.14580578484843715,0.2199606738935761,0.3170430763574012,0.4331194258272247,0.6815816466215445,0.8725052068774851,0.9659921071471761,0.9942955673531011,0.999429557474622,0.9999677920516363,0.9999990329624429
clip     | alpha=0.0449013671875,310,0.03741813765693372,0.005663218737218371,0.016087572947454262,0.03741813765693372,0.059070200316195906,0.09353796611649784,0.14580578484843715,0.2199606738935761,0.3170430763574012,0.4331194258272247,0.6815816466215445,0.8725052068774851,0.9659921071471761,0.9942955673531011,0.999429557474622,0.9999677920516363,0.9999990329624429
clip     | alpha=0.0449013671875,311,0.037480226880202784,0.005663314040900817,0.01609438386499204,0.037480226880202784,0.0592256762091329,0.0938819585016617,0.14647848387016674,0.22112345401026412,0.31881917994667125,0.43551544538769726,0.684574192118157,0.874746139564434,0.966981799341202,0.9945475483536136,0.9994654489580475,0.9999705437214871,0.999999141075077
clip     | alpha=0.0449013671875,312,0.037480226880202784,0.005663314040900817,0.01609438386499204,0.037480226880202784,0.0592256762091329,0.0938819585016617,0.14647848387016674,0.22112345401026412,0.31881917994667125,0.43551544538769726,0.684574192118157,0.874746139564434,0.966981799341202,0.9945475483536136,0.9994654489580475,0.9999705437214871,0.999999141075077
clip     | alpha=0.0449013671875,313,0.03755091884693955,0.005663421464256283,0.01610212605868151,0.03755091884693955,0.05940262318502917,0.09427298594530181,0.14724163113586689,0.22243886969861673,0.3208211488351613,0.4382041611398836,0.6878941446530412,0.8771955066751719,0.9680437131294417,0.9948119499662231,0.9995021288535649,0.999973270620441,0.9999992444724662
clip     | alpha=0.0449013671875,314,0.03755091884693955,0.005663421464256283,0.01610212605868151,0.03755091884693955,0.05940262318502917,0.09427298594530181,0.14724163113586689,0.22243886969861673,0.3208211488351613,0.4382041611398836,0.6878941446530412,0.8771955066751719,0.9680437131294417,0.9948119499662231,0.9995021288535649,0.999973270620441,0.9999992444724662
clip     | alpha=0.0449013671875,315,0.0376281140821695,0.005663537596907013,0.01611056696411756,0.0376281140821695,0.05959577101034026,0.09469930254329091,0.14807198364411878,0.22386610319733843,0.32298542635833516,0.4410979445123406,0.691426704925135,0.8797632141509408,0.9691365239027981,0.9950780390120643,0.9995380815414324,0.9999758624614561,0.9999993393163412
clip     | alpha=0.0449013671875,316,0.0376281140821695,0.005663537596907013,0.01611056696411756,0.0376281140821695,0.05959577101034026,0.09469930254329091,0.14807198364411878,0.22386610319733843,0.32298542635833516,0.4410979445123406,0.691426704925135,0.8797632141509408,0.9691365239027981,0.9950780390120643,0.9995380815414324,0.9999758624614561,0.9999993393163412
clip     | alpha=0.0449013671875,317,0.037710743187028085,0.005663660661207247,0.016119587579381776,0.037710743187028085,0.059802432056330374,0.09515489798152267,0.14895758602159956,0.2253840241869618,0.3252788838590991,0.4441508212152977,0.6951111272808731,0.882401727717799,0.9702388822583651,0.9953405285602339,0.9995726242796472,0.9999782771982163,0.999999424593187
clip     | alpha=0.0449013671875,318,0.037710743187028085,0.005663660661207247,0.016119587579381776,0.037710743187028085,0.059802432056330374,0.09515489798152267,0.14895758602159956,0.2253840241869618,0.3252788838590991,0.4441508212152977,0.6951111272808731,0.882401727717799,0.9702388822583651,0.9953405285602339,0.9995726242796472,0.9999782771982163,0.999999424593187
clip     | alpha=0.0449013671875,319,0.03779816491524562,0.005663789561416059,0.01612911613497837,0.03779816491524562,0.06002099232223532,0.0956361474679037,0.149891181699293,0.2269797089165549,0.3276811008317609,0.4473342585059602,0.6989094601681969,0.8850816173242702,0.9713380004992651,0.9955964701251937,0.9996054282148156,0.9999805008921722,0.9999995003805427
clip     | alpha=0.0449013671875,320,0.03779816491524562,0.005663789561416059,0.01612911613497837,0.03779816491524562,0.06002099232223532,0.0956361474679037,0.149891181699293,0.2269797089165549,0.3276811008317609,0.4473342585059602,0.6989094601681969,0.8850816173242702,0.9713380004992651,0.9955964701251937,0.9996054282148156,0.9999805008921722,0.9999995003805427
clip     | alpha=0.0449013671875,321,0.03779816491524562,0.005663789561416059,0.01612911613497837,0.03779816491524562,0.06002099232223532,0.0956361474679037,0.149891181699293,0.2269797089165549,0.3276811008317609,0.4473342585059602,0.6989094601681969,0.8850816173242702,0.9713380004992651,0.9955964701251937,0.9996054282148156,0.9999805008921722,0.9999995003805427
clip     | alpha=0.0449013671875,322,0.03784405888522147,0.0056638498545091885,0.016133910588547837,0.03784405888522147,0.06013797831612274,0.09589847533620005,0.15040882983707568,0.22787862399787798,0.32905443539536217,0.4491790668585042,0.7011633076701288,0.8867023284854862,0.9720122763684776,0.9957549702090578,0.9996258323860497,0.999981882768082,0.9999995471691713
clip     | alpha=0.0449013671875,323,0.03784405888522147,0.0056638498545091885,0.016133910588547837,0.03784405888522147,0.06013797831612274,0.09589847533620005,0.15040882983707568,0.22787862399787798,0.32905443539536217,0.4491790668585042,0.7011633076701288,0.8867023284854862,0.9720122763684776,0.9957549702090578,0.9996258323860497,0.999981882768082,0.9999995471691713
clip     | alpha=0.0449013671875,324,0.037903457173433124,0.005663927108524466,0.016140105883558273,0.037903457173433124,0.06028932691983242,0.09623745005146389,0.15107638425889955,0.2290345992904239,0.33081409979223414,0.45153232870266663,0.7040056743617831,0.8887160302847404,0.9728346916985632,0.9959440261218132,0.9996495363023826,0.9999834394727594,0.9999995980363796
clip     | alpha=0.0449013671875,325,0.037903457173433124,0.005663927108524466,0.016140105883558273,0.037903457173433124,0.06028932691983242,0.09623745005146389,0.15107638425889955,0.2290345992904239,0.33081409979223414,0.45153232870266663,0.7040056743617831,0.8887160302847404,0.9728346916985632,0.9959440261218132,0.9996495363023826,0.9999834394727594,0.9999995980363796
clip     | alpha=0.0449013671875,326,0.03797101613723497,0.0056640140977183475,0.016147141070052617,0.03797101613723497,0.06046140031058615,0.09662237931386873,0.15183291999328918,0.23034097827416825,0.33279550861397295,0.4541703603336548,0.707155789524133,0.8909147782052127,0.9737162185086267,0.996142197888542,0.9996737361148245,0.9999849805846214,0.9999996466352573
clip     | alpha=0.0449013671875,327,0.03797101613723497,0.0056640140977183475,0.016147141070052617,0.03797101613723497,0.06046140031058615,0.09662237931386873,0.15183291999328918,0.23034097827416825,0.33279550861397295,0.4541703603336548,0.707155789524133,0.8909147782052127,0.9737162185086267,0.996142197888542,0.9996737361148245,0.9999849805846214,0.9999996466352573
clip     | alpha=0.0449013671875,328,0.03804471994257931,0.005664108050021781,0.01615480386348197,0.03804471994257931,0.060649049587575624,0.09704164800348956,0.15265529536662134,0.23175705798121576,0.33493552066075316,0.4570068919243285,0.7105044463100534,0.8932175643408733,0.9746225305160523,0.9963414446075256,0.9996974335735345,0.999986443974264,0.9999996911713854
clip     | alpha=0.0449013671875,329,0.03804471994257931,0.005664108050021781,0.01615480386348197,0.03804471994257931,0.060649049587575624,0.09704164800348956,0.15265529536662134,0.23175705798121576,0.33493552066075316,0.4570068919243285,0.7105044463100534,0.8932175643408733,0.9746225305160523,0.9963414446075256,0.9996974335735345,0.999986443974264,0.9999996911713854
clip     | alpha=0.0449013671875,330,0.03812354230233652,0.005664207522319099,0.016162985707804382,0.03812354230233652,0.06084965038920915,0.09748931649140677,0.153531616603868,0.23326178875642217,0.33720126515876814,0.45999673118756323,0.7139939803105928,0.8955817651433379,0.9755359547562743,0.996537822758232,0.99972018162177,0.999987806166437,0.9999997311797929
clip     | alpha=0.0449013671875,331,0.03812354230233652,0.005664207522319099,0.016162985707804382,0.03812354230233652,0.06084965038920915,0.09748931649140677,0.153531616603868,0.23326178875642217,0.33720126515876814,0.45999673118756323,0.7139939803105928,0.8955817651433379,0.9755359547562743,0.996537822758232,0.99972018162177,0.999987806166437,0.9999997311797929
clip     | alpha=0.0449013671875,332,0.038206868376619595,0.005664311626658277,0.01617162120352324,0.038206868376619595,0.06106162819904264,0.09796180645314875,0.15445467365600554,0.23484231559628302,0.33957251665365246,0.4631118887990846,0.7175884613624138,0.8979810791121325,0.9764459503702435,0.996729145731339,0.9997417669408758,0.9999890595637287,0.9999997667070796
clip     | alpha=0.0449013671875,333,0.038206868376619595,0.005664311626658277,0.01617162120352324,0.038206868376619595,0.06106162819904264,0.09796180645314875,0.15445467365600554,0.23484231559628302,0.33957251665365246,0.4631118887990846,0.7175884613624138,0.8979810791121325,0.9764459503702435,0.996729145731339,0.9997417669408758,0.9999890595637287,0.9999997667070796
clip     | alpha=0.0449013671875,334,0.038206868376619595,0.005664311626658277,0.01617162120352324,0.038206868376619595,0.06106162819904264,0.09796180645314875,0.15445467365600554,0.23484231559628302,0.33957251665365246,0.4631118887990846,0.7175884613624138,0.8979810791121325,0.9764459503702435,0.996729145731339,0.9997417669408758,0.9999890595637287,0.9999997667070796
clip     | alpha=0.0449013671875,335,0.0382505790908119,0.005664360284575671,0.016175963005975316,0.0382505790908119,0.061175004896133485,0.09821916433813496,0.1549660905965021,0.2357320168336367,0.34092712104272427,0.46491576082299596,0.7197197312264225,0.8994310074654542,0.9770037821374694,0.9968475388710133,0.9997551829155427,0.9999898378753653,0.9999997886238391
clip     | alpha=0.0449013671875,336,0.0382505790908119,0.005664360284575671,0.016175963005975316,0.0382505790908119,0.061175004896133485,0.09821916433813496,0.1549660905965021,0.2357320168336367,0.34092712104272427,0.46491576082299596,0.7197197312264225,0.8994310074654542,0.9770037821374694,0.9968475388710133,0.9997551829155427,0.9999898378753653,0.9999997886238391
clip     | alpha=0.0449013671875,337,0.03830711953310809,0.005664422594899795,0.0161815702044767,0.03830711953310809,0.06132160063520028,0.0985515278583416,0.15562523433006448,0.23687549289312493,0.3426617994478392,0.4672154954106651,0.7224059848749782,0.901231490670386,0.977683783556708,0.9969886756828505,0.9997707596484237,0.9999907141569905,0.9999998124375418
clip     | alpha=0.0449013671875,338,0.03830711953310809,0.005664422594899795,0.0161815702044767,0.03830711953310809,0.06132160063520028,0.0985515278583416,0.15562523433006448,0.23687549289312493,0.3426617994478392,0.4672154954106651,0.7224059848749782,0.901231490670386,0.977683783556708,0.9969886756828505,0.9997707596484237,0.9999907141569905,0.9999998124375418
clip     | alpha=0.0449013671875,339,0.03837139195135427,0.005664492717925013,0.016187933995977545,0.03837139195135427,0.061488176867130116,0.09892873800072566,0.15637181937381978,0.23816702170270612,0.34461397830838253,0.46979207671265705,0.725381414841953,0.903196324136437,0.9784122516517667,0.997136534833779,0.9997866533353985,0.9999915811748158,0.999999835176557
clip     | alpha=0.0449013671875,340,0.03837139195135427,0.005664492717925013,0.016187933995977545,0.03837139195135427,0.061488176867130116,0.09892873800072566,0.15637181937381978,0.23816702170270612,0.34461397830838253,0.46979207671265705,0.725381414841953,0.903196324136437,0.9784122516517667,0.997136534833779,0.9997866533353985,0.9999915811748158,0.999999835176557
clip     | alpha=0.0449013671875,341,0.03844147224640416,0.005664568412912177,0.016194861739416297,0.03844147224640416,0.061669732848930174,0.09933937607530496,0.15718293783377874,0.2395662447891654,0.3467212769214966,0.47256103125954724,0.7285426608145567,0.9052530114102447,0.9791607952390234,0.9972851153815523,0.9998022086493324,0.9999924040201101,0.9999998560033413
clip     | alpha=0.0449013671875,342,0.03844147224640416,0.005664568412912177,0.016194861739416297,0.03844147224640416,0.061669732848930174,0.09933937607530496,0.15718293783377874,0.2395662447891654,0.3467212769214966,0.47256103125954724,0.7285426608145567,0.9052530114102447,0.9791607952390234,0.9972851153815523,0.9998022086493324,0.9999924040201101,0.9999998560033413
clip     | alpha=0.0449013671875,343,0.03851638044933823,0.005664648513512509,0.016202254894643716,0.03851638044933823,0.06186371879470801,0.09977760117045938,0.158046813937964,0.2410522899292461,0.34895122490503544,0.47547812226604075,0.7318351853587548,0.9073634511232325,0.97991482038314,0.997431480597542,0.9998171329874985,0.9999931695647657,0.9999998747030552
clip     | alpha=0.0449013671875,344,0.03851638044933823,0.005664648513512509,0.016202254894643716,0.03851638044933823,0.06186371879470801,0.09977760117045938,0.158046813937964,0.2410522899292461,0.34895122490503544,0.47547812226604075,0.7318351853587548,0.9073634511232325,0.97991482038314,0.997431480597542,0.9998171329874985,0.9999931695647657,0.9999998747030552
clip     | alpha=0.0449013671875,345,0.038595529348281726,0.005664732302407876,0.016210054091753398,0.038595529348281726,0.06206860466712347,0.10023989416856167,0.15895630969902144,0.24261241380735088,0.351283852594371,0.47851597119278316,0.7352250456189898,0.9095041702181486,0.9806656417185541,0.997574007170721,0.9998312874513704,0.999993873617048,0.9999998913000611
clip     | alpha=0.0449013671875,346,0.038595529348281726,0.005664732302407876,0.016210054091753398,0.038595529348281726,0.06206860466712347,0.10023989416856167,0.15895630969902144,0.24261241380735088,0.351283852594371,0.47851597119278316,0.7352250456189898,0.9095041702181486,0.9806656417185541,0.997574007170721,0.9998312874513704,0.999993873617048,0.9999998913000611
clip     | alpha=0.0449013671875,347,0.038595529348281726,0.005664732302407876,0.016210054091753398,0.038595529348281726,0.06206860466712347,0.10023989416856167,0.15895630969902144,0.24261241380735088,0.351283852594371,0.47851597119278316,0.7352250456189898,0.9095041702181486,0.9806656417185541,0.997574007170721,0.9998312874513704,0.999993873617048,0.9999998913000611
clip     | alpha=0.0449013671875,348,0.03863702914097512,0.005664771446409299,0.016213973556399166,0.03863702914097512,0.06217813627983224,0.10049157855644764,0.15945997416607877,0.24349021359569245,0.35261576098827624,0.4802742427044596,0.737234037167741,0.9107972139447865,0.9811256806830919,0.9976621626535997,0.9998400807383871,0.999994310599252,0.9999999015338892
clip     | alpha=0.0449013671875,349,0.03863702914097512,0.005664771446409299,0.016213973556399166,0.03863702914097512,0.06217813627983224,0.10049157855644764,0.15945997416607877,0.24349021359569245,0.35261576098827624,0.4802742427044596,0.737234037167741,0.9107972139447865,0.9811256806830919,0.9976621626535997,0.9998400807383871,0.999994310599252,0.9999999015338892
clip     | alpha=0.0449013671875,350,0.03869069017173473,0.005664821555150929,0.01621903348521492,0.03869069017173473,0.06231970875105943,0.10081649667711866,0.16010888961734845,0.24461798255790207,0.35432075412026975,0.48251502527488793,0.7397652488632479,0.9124022970668451,0.9816862676260925,0.9977672147873983,0.9998502865412757,0.9999948024073967,0.9999999126494272
clip     | alpha=0.0449013671875,351,0.03869069017173473,0.005664821555150929,0.01621903348521492,0.03869069017173473,0.06231970875105943,0.10081649667711866,0.16010888961734845,0.24461798255790207,0.35432075412026975,0.48251502527488793,0.7397652488632479,0.9124022970668451,0.9816862676260925,0.9977672147873983,0.9998502865412757,0.9999948024073967,0.9999999126494272
clip     | alpha=0.0449013671875,352,0.0387516670977457,0.0056648779260818965,0.016224774061540242,0.0387516670977457,0.06248051820476198,0.1011851218770196,0.16084362059383697,0.24589130454105568,0.35623882364299786,0.4850246392763725,0.7425679207675,0.9141532532459224,0.9822865903344302,0.9978772302832072,0.9998606962010713,0.9999952888382518,0.9999999232594494
clip     | alpha=0.0449013671875,353,0.0387516670977457,0.0056648779260818965,0.016224774061540242,0.0387516670977457,0.06248051820476198,0.1011851218770196,0.16084362059383697,0.24589130454105568,0.35623882364299786,0.4850246392763725,0.7425679207675,0.9141532532459224,0.9822865903344302,0.9978772302832072,0.9998606962010713,0.9999952888382518,0.9999999232594494
clip     | alpha=0.0449013671875,354,0.038818130180569295,0.005664938754336744,0.016231021112128804,0.038818130180569295,0.06265572573951886,0.10158626980041567,0.16164157306500607,0.24727030615592868,0.3583085574533296,0.48772065597894904,0.7455445482702641,0.9159854050947775,0.9829032350357422,0.9979877427521081,0.9998708805749693,0.9999957503204498,0.9999999329737275
clip     | alpha=0.0449013671875,355,0.038818130180569295,0.005664938754336744,0.016231021112128804,0.038818130180569295,0.06265572573951886,0.10158626980041567,0.16164157306500607,0.24727030615592868,0.3583085574533296,0.48772065597894904,0.7455445482702641,0.9159854050947775,0.9829032350357422,0.9979877427521081,0.9998708805749693,0.9999957503204498,0.9999999329737275
clip     | alpha=0.0449013671875,356,0.038889147073997175,0.005665003100364241,0.016237685507959804,0.038889147073997175,0.06284286297747506,0.10201421711897757,0.16249112890904077,0.24873436167604301,0.36049798651072545,0.49055991138970584,0.7486437008212924,0.9178647820057405,0.9835241776565021,0.9980965693208521,0.9998806484111629,0.9999961795158152,0.9999999416928144
clip     | alpha=0.0449013671875,357,0.038889147073997175,0.005665003100364241,0.016237685507959804,0.038889147073997175,0.06284286297747506,0.10201421711897757,0.16249112890904077,0.24873436167604301,0.36049798651072545,0.49055991138970584,0.7486437008212924,0.9178647820057405,0.9835241776565021,0.9980965693208521,0.9998806484111629,0.9999961795158152,0.9999999416928144
clip     | alpha=0.0449013671875,358,0.03896415888804099,0.005665070386398535,0.016244713533873426,0.03896415888804099,0.06304044820002516,0.10246551456900714,0.16338524445982977,0.2502708778176386,0.3627874518338947,0.4935156985256732,0.7518333889886154,0.9197704757917731,0.9841422719663954,0.9982025057671375,0.9998899092261849,0.9999965741020255,0.999999949428847
clip     | alpha=0.0449013671875,359,0.03896415888804099,0.005665070386398535,0.016244713533873426,0.03896415888804099,0.06304044820002516,0.10246551456900714,0.16338524445982977,0.2502708778176386,0.3627874518338947,0.4935156985256732,0.7518333889886154,0.9197704757917731,0.9841422719663954,0.9982025057671375,0.9998899092261849,0.9999965741020255,0.999999949428847
clip     | alpha=0.0449013671875,360,0.03904279432738256,0.005665140217481363,0.016252069277357388,0.03904279432738256,0.0632474953978605,0.10293785606549327,0.16431917809471736,0.2518713103068439,0.3651635146274855,0.4965696525784923,0.7550915620742451,0.9216883185639334,0.9847529027186621,0.9983048530966685,0.9998986232893314,0.999996934140933,0.9999999562410287
clip     | alpha=0.0449013671875,361,0.03904279432738256,0.005665140217481363,0.016252069277357388,0.03904279432738256,0.0632474953978605,0.10293785606549327,0.16431917809471736,0.2518713103068439,0.3651635146274855,0.4965696525784923,0.7550915620742451,0.9216883185639334,0.9847529027186621,0.9983048530966685,0.9998986232893314,0.999996934140933,0.9999999562410287
clip     | alpha=0.0449013671875,362,0.03904279432738256,0.005665140217481363,0.016252069277357388,0.03904279432738256,0.0632474953978605,0.10293785606549327,0.16431917809471736,0.2518713103068439,0.3651635146274855,0.4965696525784923,0.7550915620742451,0.9216883185639334,0.9847529027186621,0.9983048530966685,0.9998986232893314,0.999996934140933,0.9999999562410287
clip     | alpha=0.0449013671875,363,0.03908379146412144,0.005665172656050505,0.01625574495646645,0.03908379146412144,0.06335755577210772,0.10319355517861842,0.16483344764357194,0.2527666913725429,0.36651254274735634,0.4983272379331453,0.7570115770901767,0.922840181192453,0.9851249266207676,0.9983677985201955,0.9999040061443996,0.9999971563401043,0.9999999604176851
clip     | alpha=0.0449013671875,364,0.03908379146412144,0.005665172656050505,0.01625574495646645,0.03908379146412144,0.06335755577210772,0.10319355517861842,0.16483344764357194,0.2527666913725429,0.36651254274735634,0.4983272379331453,0.7570115770901767,0.922840181192453,0.9851249266207676,0.9983677985201955,0.9999040061443996,0.9999971563401043,0.9999999604176851
clip     | alpha=0.0449013671875,365,0.039136617866774186,0.005665214036422912,0.01626047363372079,0.039136617866774186,0.06349931611126636,0.10352250624978471,0.165493718364313,0.25391304075140514,0.3682334351129141,0.5005593429871317,0.7594222562385846,0.9242650321284169,0.9855766823114822,0.9984425473050508,0.9999102319139567,0.9999974055462959,0.9999999649383837
clip     | alpha=0.0449013671875,366,0.039136617866774186,0.005665214036422912,0.01626047363372079,0.039136617866774186,0.06349931611126636,0.10352250624978471,0.165493718364313,0.25391304075140514,0.3682334351129141,0.5005593429871317,0.7594222562385846,0.9242650321284169,0.9855766823114822,0.9984425473050508,0.9999102319139567,0.9999974055462959,0.9999999649383837
clip     | alpha=0.0449013671875,367,0.03919646620610819,0.005665260448462738,0.01626582229766837,0.03919646620610819,0.06365985566739449,0.10389458677891181,0.16623906247611853,0.2552034564851284,0.3701635802605772,0.5030517352388537,0.7620834577015111,0.9258147110713772,0.9860590075372961,0.9985205927695826,0.9999165629815789,0.99999765128795,0.9999999692405372
clip     | alpha=0.0449013671875,368,0.03919646620610819,0.005665260448462738,0.01626582229766837,0.03919646620610819,0.06365985566739449,0.10389458677891181,0.16623906247611853,0.2552034564851284,0.3701635802605772,0.5030517352388537,0.7620834577015111,0.9258147110713772,0.9860590075372961,0.9985205927695826,0.9999165629815789,0.99999765128795,0.9999999692405372
clip     | alpha=0.0449013671875,369,0.03926153021983013,0.005665310400660134,0.01627162778432806,0.03926153021983013,0.0638343161429878,0.10429844624163898,0.16704644489924877,0.2565973512250903,0.3722409505243583,0.5057223167255962,0.764902514171524,0.927432052501501,0.9865531634548957,0.9985987877513511,0.9999227409906681,0.9999978838219201,0.9999999731692831
clip     | alpha=0.0449013671875,370,0.03926153021983013,0.005665310400660134,0.01627162778432806,0.03926153021983013,0.0638343161429878,0.10429844624163898,0.16704644489924877,0.2565973512250903,0.3722409505243583,0.5057223167255962,0.764902514171524,0.927432052501501,0.9865531634548957,0.9985987877513511,0.9999227409906681,0.9999978838219201,0.9999999731692831
clip     | alpha=0.0449013671875,371,0.03933089539253369,0.0056653631224824605,0.01627780714898823,0.03933089539253369,0.06402023520538633,0.104728314577911,0.1679041018870323,0.25807388091141825,0.3744335016364818,0.508528442610237,0.7678309901896483,0.9290873404979744,0.9870496413293809,0.9986756161833713,0.9999286529577585,0.9999980995992973,0.9999999766875911
clip     | alpha=0.0449013671875,372,0.03933089539253369,0.0056653631224824605,0.01627780714898823,0.03933089539253369,0.06402023520538633,0.104728314577911,0.1679041018870323,0.25807388091141825,0.3744335016364818,0.508528442610237,0.7678309901896483,0.9290873404979744,0.9870496413293809,0.9986756161833713,0.9999286529577585,0.9999980995992973,0.9999999766875911
clip     | alpha=0.0449013671875,373,0.03940401717315644,0.005665418143788429,0.016284310746912816,0.03940401717315644,0.0642161446866358,0.10518073824496617,0.16880495220445785,0.2596204134169213,0.37672168175374215,0.5114439431847624,0.7708390345305094,0.9307624765494963,0.9875428610842854,0.9987502558554233,0.9999342469278286,0.9999982975832903,0.9999999798030241
clip     | alpha=0.0449013671875,374,0.03940401717315644,0.005665418143788429,0.016284310746912816,0.03940401717315644,0.0642161446866358,0.10518073824496617,0.16880495220445785,0.2596204134169213,0.37672168175374215,0.5114439431847624,0.7708390345305094,0.9307624765494963,0.9875428610842854,0.9987502558554233,0.9999342469278286,0.9999982975832903,0.9999999798030241
clip     | alpha=0.0449013671875,375,0.03940401717315644,0.005665418143788429,0.016284310746912816,0.03940401717315644,0.0642161446866358,0.10518073824496617,0.16880495220445785,0.2596204134169213,0.37672168175374215,0.5114439431847624,0.7708390345305094,0.9307624765494963,0.9875428610842854,0.9987502558554233,0.9999342469278286,0.9999982975832903,0.9999999798030241
clip     | alpha=0.0449013671875,376,0.039442276631901606,0.0056654437945735,0.016287572278225738,0.039442276631901606,0.06432065855850089,0.1054265345162625,0.16930278589434555,0.2604887467126718,0.37802547927350855,0.5131278727112906,0.7726180165620082,0.9317721818305033,0.9878444320237156,0.9987963254320875,0.9999377148470812,0.9999984202085479,0.9999999817200051
clip     | alpha=0.0449013671875,377,0.039442276631901606,0.0056654437945735,0.016287572278225738,0.039442276631901606,0.06432065855850089,0.1054265345162625,0.16930278589434555,0.2604887467126718,0.37802547927350855,0.5131278727112906,0.7726180165620082,0.9317721818305033,0.9878444320237156,0.9987963254320875,0.9999377148470812,0.9999984202085479,0.9999999817200051
clip     | alpha=0.0449013671875,378,0.03949167208471332,0.005665476580239143,0.016291776390192584,0.03949167208471332,0.0644555387996523,0.10574336576711367,0.16994320775985589,0.26160264666704375,0.3796919339037133,0.5152706288900125,0.7748560006069881,0.9330236332924321,0.9882113533169439,0.9988511411159761,0.9999417336801749,0.999998558007833,0.9999999837989608
clip     | alpha=0.0449013671875,379,0.03949167208471332,0.005665476580239143,0.016291776390192584,0.03949167208471332,0.0644555387996523,0.10574336576711367,0.16994320775985589,0.26160264666704375,0.3796919339037133,0.5152706288900125,0.7748560006069881,0.9330236332924321,0.9882113533169439,0.9988511411159761,0.9999417336801749,0.999998558007833,0.9999999837989608
clip     | alpha=0.0449013671875,380,0.039547718658017435,0.005665513408507073,0.016296538955457733,0.039547718658017435,0.06460851951068343,0.10610228330359145,0.17066724676691794,0.26285844488636073,0.38156386898296685,0.5176668977542918,0.7773303233968496,0.934386794871501,0.9886037002723802,0.9989084615403162,0.9999458267099851,0.999998694098374,0.9999999857804268
clip     | alpha=0.0449013671875,381,0.039547718658017435,0.005665513408507073,0.016296538955457733,0.039547718658017435,0.06460851951068343,0.10610228330359145,0.17066724676691794,0.26285844488636073,0.38156386898296685,0.5176668977542918,0.7773303233968496,0.934386794871501,0.9886037002723802,0.9989084615403162,0.9999458267099851,0.999998694098374,0.9999999857804268
clip     | alpha=0.0449013671875,382,0.039608721464485505,0.005665553092671385,0.01630171438336181,0.039608721464485505,0.0647749617971133,0.10649231508901232,0.1714524759530667,0.26421654628432156,0.38358096572523265,0.5202375124746637,0.7799545079880037,0.9358111534006082,0.9890061450673888,0.9989659595237486,0.9999498254991082,0.9999988230264714,0.9999999875920449
clip     | alpha=0.0449013671875,383,0.039608721464485505,0.005665553092671385,0.01630171438336181,0.039608721464485505,0.0647749617971133,0.10649231508901232,0.1714524759530667,0.26421654628432156,0.38358096572523265,0.5202375124746637,0.7799545079880037,0.9358111534006082,0.9890061450673888,0.9989659595237486,0.9999498254991082,0.9999988230264714,0.9999999875920449
clip     | alpha=0.0449013671875,384,0.039673816675414635,0.005665595015604181,0.01630722817129428,0.039673816675414635,0.064952498906165,0.10690784644054377,0.17228736617656024,0.26565648166284894,0.3857118562866572,0.5229410780514263,0.7826830514726157,0.9372702692559071,0.9894108521598632,0.9990225045360169,0.9999536556031305,0.9999989427737573,0.9999999892158921
clip     | alpha=0.0449013671875,385,0.039673816675414635,0.005665595015604181,0.01630722817129428,0.039673816675414635,0.064952498906165,0.10690784644054377,0.17228736617656024,0.26565648166284894,0.3857118562866572,0.5229410780514263,0.7826830514726157,0.9372702692559071,0.9894108521598632,0.9990225045360169,0.9999536556031305,0.9999989427737573,0.9999999892158921
clip     | alpha=0.0449013671875,386,0.03974248661999762,0.0056656387985027454,0.016313035444916267,0.03974248661999762,0.06513971063312132,0.10734549552796074,0.17316493412433145,0.2671657700949056,0.38793728659604676,0.525752041906755,0.7854877475888079,0.9387479433789899,0.9898131926597963,0.9990774781675283,0.9999572822984469,0.999999052725526,0.9999999906548301
clip     | alpha=0.0449013671875,387,0.03974248661999762,0.0056656387985027454,0.016313035444916267,0.03974248661999762,0.06513971063312132,0.10734549552796074,0.17316493412433145,0.2671657700949056,0.38793728659604676,0.525752041906755,0.7854877475888079,0.9387479433789899,0.9898131926597963,0.9990774781675283,0.9999572822984469,0.999999052725526,0.9999999906548301
clip     | alpha=0.0449013671875,388,0.03981438764075769,0.0056656841830558646,0.016319106235063885,0.03981438764075769,0.06533565268699101,0.10780300380825697,0.1740804857342888,0.26873596001592787,0.3902441270155159,0.5286528855126733,0.7883492324162558,0.9402332573297696,0.9902101989499265,0.9991305257079245,0.9999606907904109,0.9999991529305419,0.9999999919204106
clip     | alpha=0.0449013671875,389,0.03981438764075769,0.0056656841830558646,0.016319106235063885,0.03981438764075769,0.06533565268699101,0.10780300380825697,0.1740804857342888,0.26873596001592787,0.3902441270155159,0.5286528855126733,0.7883492324162558,0.9402332573297696,0.9902101989499265,0.9991305257079245,0.9999606907904109,0.9999991529305419,0.9999999919204106
clip     | alpha=0.0449013671875,390,0.03981438764075769,0.0056656841830558646,0.016319106235063885,0.03981438764075769,0.06533565268699101,0.10780300380825697,0.1740804857342888,0.26873596001592787,0.3902441270155159,0.5286528855126733,0.7883492324162558,0.9402332573297696,0.9902101989499265,0.9991305257079245,0.9999606907904109,0.9999991529305419,0.9999999919204106
clip     | alpha=0.0449013671875,391,0.03985183128716923,0.005665705241624424,0.016322136384908818,0.03985183128716923,0.06543969192307615,0.10805039256026336,0.17458406227975323,0.26961342663347365,0.3915523702923512,0.5303204633406311,0.7900335725286503,0.9411243314258544,0.9904517992279985,0.9991631139375181,0.9999627939010919,0.9999992147023525,0.9999999926954792
clip     | alpha=0.0449013671875,392,0.03985183128716923,0.005665705241624424,0.016322136384908818,0.03985183128716923,0.06543969192307615,0.10805039256026336,0.17458406227975323,0.26961342663347365,0.3915523702923512,0.5303204633406311,0.7900335725286503,0.9411243314258544,0.9904517992279985,0.9991631139375181,0.9999627939010919,0.9999992147023525,0.9999999926954792
clip     | alpha=0.0449013671875,393,0.03990003718592899,0.005665732081845612,0.016326031234819915,0.03990003718592899,0.06557358109361017,0.1083683775141657,0.17523004553701169,0.27073586947571704,0.3932197931667283,0.532436430172795,0.7921465220198612,0.94222563513179,0.9907449255077482,0.9992017795845747,0.999965224241019,0.9999992839222995,0.9999999935336673
clip     | alpha=0.0449013671875,394,0.03990003718592899,0.005665732081845612,0.016326031234819915,0.03990003718592899,0.06557358109361017,0.1083683775141657,0.17523004553701169,0.27073586947571704,0.3932197931667283,0.532436430172795,0.7921465220198612,0.94222563513179,0.9907449255077482,0.9992017795845747,0.999965224241019,0.9999992839222995,0.9999999935336673
clip     | alpha=0.0449013671875,395,0.03995460362775898,0.0056657621596919285,0.0163304329379643,0.03995460362775898,0.06572507569242995,0.108727743190227,0.1759586308824939,0.271998281924552,0.3950883503820352,0.5347970986540803,0.7944770366938627,0.9434223860918816,0.9910576165819626,0.9992421156190296,0.9999676935493212,0.999999352120921,0.9999999943306451
clip     | alpha=0.0449013671875,396,0.03995460362775898,0.0056657621596919285,0.0163304329379643,0.03995460362775898,0.06572507569242995,0.108727743190227,0.1759586308824939,0.271998281924552,0.3950883503820352,0.5347970986540803,0.7944770366938627,0.9434223860918816,0.9910576165819626,0.9992421156190296,0.9999676935493212,0.999999352120921,0.9999999943306451
clip     | alpha=0.0449013671875,397,0.04001387513907611,0.005665794504330045,0.016335206534263506,0.04001387513907611,0.06588956730672403,0.10911747112167496,0.1767471904702332,0.2733607715913632,0.3970977298532868,0.5373243943762065,0.7969436977828552,0.9446703309141593,0.9913777058606431,0.9992824946629133,0.9999701011171223,0.9999994165994088,0.9999999950578318
clip     | alpha=0.0449013671875,398,0.04001387513907611,0.005665794504330045,0.016335206534263506,0.04001387513907611,0.06588956730672403,0.10911747112167496,0.1767471904702332,0.2733607715913632,0.3970977298532868,0.5373243943762065,0.7969436977828552,0.9446703309141593,0.9913777058606431,0.9992824946629133,0.9999701011171223,0.9999994165994088,0.9999999950578318
clip     | alpha=0.0449013671875,399,0.04007701280838656,0.005665828614197834,0.01634028336641917,0.04007701280838656,0.06606471828010206,0.10953195596084413,0.1775841621830803,0.27480284492173196,0.39921677251675664,0.53997777346461,0.7995039886278631,0.9459465027667999,0.9916990341413088,0.9993221353380362,0.9999724031096805,0.9999994763822115,0.9999999957085122
clip     | alpha=0.0449013671875,400,0.04007701280838656,0.005665828614197834,0.01634028336641917,0.04007701280838656,0.06606471828010206,0.10953195596084413,0.1775841621830803,0.27480284492173196,0.39921677251675664,0.53997777346461,0.7995039886278631,0.9459465027667999,0.9916990341413088,0.9993221353380362,0.9999724031096805,0.9999994763822115,0.9999999957085122
clip     | alpha=0.0449013671875,401,0.040143516753405196,0.0056658641833974704,0.016345622321170653,0.040143516753405196,0.06624913388394642,0.10996784112183602,0.1784625845015515,0.2763120831260772,0.4014264747648664,0.5427323754693926,0.8021317470753232,0.9472369470467881,0.99201799918496,0.999360615985503,0.9999745795442807,0.9999995311914813,0.999999996284225
clip     | alpha=0.0449013671875,402,0.040143516753405196,0.0056658641833974704,0.016345622321170653,0.040143516753405196,0.06624913388394642,0.10996784112183602,0.1784625845015515,0.2763120831260772,0.4014264747648664,0.5427323754693926,0.8021317470753232,0.9472369470467881,0.99201799918496,0.999360615985503,0.9999745795442807,0.9999995311914813,0.999999996284225
clip     | alpha=0.0449013671875,403,0.04021305683962357,0.005665901004526754,0.016351196085846304,0.04021305683962357,0.0664418915809065,0.11042289673216893,0.17937780322603508,0.2778801233148801,0.4037139519357222,0.5455712576605147,0.8048091302665488,0.9485323303839213,0.9923323149640925,0.9993976987969745,0.999976622299279,0.9999995810754175,0.9999999967899017
clip     | alpha=0.0449013671875,404,0.04021305683962357,0.005665901004526754,0.016351196085846304,0.04021305683962357,0.0664418915809065,0.11042289673216893,0.17937780322603508,0.2778801233148801,0.4037139519357222,0.5455712576605147,0.8048091302665488,0.9485323303839213,0.9923323149640925,0.9993976987969745,0.999976622299279,0.9999995810754175,0.9999999967899017
clip     | alpha=0.0449013671875,405,0.04021305683962357,0.005665901004526754,0.016351196085846304,0.04021305683962357,0.0664418915809065,0.11042289673216893,0.17937780322603508,0.2778801233148801,0.4037139519357222,0.5455712576605147,0.8048091302665488,0.9485323303839213,0.9923323149640925,0.9993976987969745,0.999976622299279,0.9999995810754175,0.9999999967899017
clip     | alpha=0.0449013671875,406,0.0402492278941427,0.0056659180693091,0.016353974841630033,0.0402492278941427,0.06654411822251662,0.11066866642696967,0.1798805976195045,0.2787553458135043,0.4050096702390493,0.5472012742832583,0.8063832281772273,0.949308535910908,0.992523365865827,0.9994204524449278,0.9999778812217989,0.9999996117899883,0.9999999970992205
clip     | alpha=0.0449013671875,407,0.0402492278941427,0.0056659180693091,0.016353974841630033,0.0402492278941427,0.06654411822251662,0.11066866642696967,0.1798805976195045,0.2787553458135043,0.4050096702390493,0.5472012742832583,0.8063832281772273,0.949308535910908,0.992523365865827,0.9994204524449278,0.9999778812217989,0.9999996117899883,0.9999999970992205
clip     | alpha=0.0449013671875,408,0.04029575526687241,0.005665939800489026,0.016357543478117433,0.04029575526687241,0.06667556129448349,0.11098429787090522,0.1805250213205409,0.2798739525118976,0.4066597052065261,0.5492677965432771,0.8083561795319143,0.9502670429872188,0.9927549622256078,0.9994474261658616,0.9999793347692232,0.9999996461782872,0.9999999974334408
clip     | alpha=0.0449013671875,409,0.04029575526687241,0.005665939800489026,0.016357543478117433,0.04029575526687241,0.06667556129448349,0.11098429787090522,0.1805250213205409,0.2798739525118976,0.4066597052065261,0.5492677965432771,0.8083561795319143,0.9502670429872188,0.9927549622256078,0.9994474261658616,0.9999793347692232,0.9999996461782872,0.9999999974334408
clip     | alpha=0.0449013671875,410,0.04034837797387571,0.0056659641327887564,0.016361573167205344,0.04034837797387571,0.0668241646456288,0.1113407075500417,0.18125124411956586,0.28113100569994226,0.40850724158197826,0.5515713878870995,0.8105304737351522,0.9513077565438836,0.9930018113901457,0.9994755418063545,0.9999808103966041,0.9999996800310588,0.999999997750965
clip     | alpha=0.0449013671875,411,0.04034837797387571,0.0056659641327887564,0.016361573167205344,0.04034837797387571,0.0668241646456288,0.1113407075500417,0.18125124411956586,0.28113100569994226,0.40850724158197826,0.5515713878870995,0.8105304737351522,0.9513077565438836,0.9930018113901457,0.9994755418063545,0.9999808103966041,0.9999996800310588,0.999999997750965
clip     | alpha=0.0449013671875,412,0.040405493156531726,0.005665990278275837,0.016365939878670858,0.040405493156531726,0.06698538996116438,0.11172692549349904,0.1820366279988206,0.28248664334844603,0.41049245214451263,0.5540356364818707,0.812829976669651,0.9523921348728559,0.9932543020538673,0.9995036652716615,0.9999822479961732,0.9999997120120189,0.9999999980404557
clip     | alpha=0.0449013671875,413,0.040405493156531726,0.005665990278275837,0.016365939878670858,0.040405493156531726,0.06698538996116438,0.11172692549349904,0.1820366279988206,0.28248664334844603,0.41049245214451263,0.5540356364818707,0.812829976669651,0.9523921348728559,0.9932543020538673,0.9995036652716615,0.9999822479961732,0.9999997120120189,0.9999999980404557
clip     | alpha=0.0449013671875,414,0.04046628868053922,0.005666017830202111,0.016370580531768528,0.04046628868053922,0.06715693553581922,0.11213737246482657,0.18286961023061546,0.2839203993220643,0.4125844527596549,0.556620902564181,0.8152149925741264,0.9535002173798158,0.993507581902203,0.9995312539778767,0.9999836215345996,0.9999997416419346,0.9999999982992971
clip     | alpha=0.0449013671875,415,0.04046628868053922,0.005666017830202111,0.016370580531768528,0.04046628868053922,0.06715693553581922,0.11213737246482657,0.18286961023061546,0.2839203993220643,0.4125844527596549,0.556620902564181,0.8152149925741264,0.9535002173798158,0.993507581902203,0.9995312539778767,0.9999836215345996,0.9999997416419346,0.9999999982992971
clip     | alpha=0.0449013671875,416,0.04053028082895068,0.005666046540800696,0.016375457374628487,0.04053028082895068,0.06733742873863034,0.11256870946403372,0.1837432342005843,0.2854198835709055,0.4147644306423408,0.559302916488074,0.8176611456994198,0.9546199089712499,0.9937588231836456,0.9995580166137695,0.9999849192478609,0.9999997687878432,0.9999999985281561
clip     | alpha=0.0449013671875,417,0.04053028082895068,0.005666046540800696,0.016375457374628487,0.04053028082895068,0.06733742873863034,0.11256870946403372,0.1837432342005843,0.2854198835709055,0.4147644306423408,0.559302916488074,0.8176611456994198,0.9546199089712499,0.9937588231836456,0.9995580166137695,0.9999849192478609,0.9999997687878432,0.9999999985281561
clip     | alpha=0.0449013671875,418,0.040597150356538006,0.0056660762423433025,0.016380545348805953,0.040597150356538006,0.06752596229635754,0.11301872017316893,0.18465285383121033,0.2869767632674995,0.41701965028782645,0.5620651684268295,0.8201518517687034,0.9557431454875491,0.9940062392178219,0.9995837900850822,0.9999861364512438,0.9999997934780559,0.9999999987290419
clip     | alpha=0.0449013671875,419,0.040597150356538006,0.0056660762423433025,0.016380545348805953,0.040597150356538006,0.06752596229635754,0.11301872017316893,0.18465285383121033,0.2869767632674995,0.41701965028782645,0.5620651684268295,0.8201518517687034,0.9557431454875491,0.9940062392178219,0.9995837900850822,0.9999861364512438,0.9999997934780559,0.9999999987290419
clip     | alpha=0.0449013671875,420,0.040597150356538006,0.0056660762423433025,0.016380545348805953,0.040597150356538006,0.06752596229635754,0.11301872017316893,0.18465285383121033,0.2869767632674995,0.41701965028782645,0.5620651684268295,0.8201518517687034,0.9557431454875491,0.9940062392178219,0.9995837900850822,0.9999861364512438,0.9999997934780559,0.9999999987290419
clip     | alpha=0.0449013671875,421,0.0406319107077514,0.005666089998990852,0.016383080340873473,0.0406319107077514,0.06762588656607832,0.11326161410298881,0.18515226161761192,0.28784521621626236,0.4182963025720324,0.5636501999552691,0.8216152874655135,0.9564157806920596,0.9941565328930709,0.9995995946029637,0.9999868861310741,0.9999998086708805,0.9999999988518458
clip     | alpha=0.0449013671875,422,0.0406319107077514,0.005666089998990852,0.016383080340873473,0.0406319107077514,0.06762588656607832,0.11326161410298881,0.18515226161761192,0.28784521621626236,0.4182963025720324,0.5636501999552691,0.8216152874655135,0.9564157806920596,0.9941565328930709,0.9995995946029637,0.9999868861310741,0.9999998086708805,0.9999999988518458
clip     | alpha=0.0449013671875,423,0.04067660231661402,0.005666107509131664,0.016386334381796673,0.04067660231661402,0.06775430845802895,0.11357340473845362,0.18579204191503904,0.28895464571782703,0.4199212886875968,0.5656587397166839,0.8234486685782304,0.9572459996766537,0.994338636192883,0.9996183214883119,0.9999877512991857,0.9999998256728502,0.9999999989844732
clip     | alpha=0.0449013671875,424,0.04067660231661402,0.005666107509131664,0.016386334381796673,0.04067660231661402,0.06775430845802895,0.11357340473845362,0.18579204191503904,0.28895464571782703,0.4199212886875968,0.5656587397166839,0.8234486685782304,0.9572459996766537,0.994338636192883,0.9996183214883119,0.9999877512991857,0.9999998256728502,0.9999999989844732
clip     | alpha=0.0449013671875,425,0.040727124874591646,0.005666127105887199,0.01639000709422362,0.040727124874591646,0.06789942758364861,0.1139253109893287,0.18651269113701932,0.29020079661612364,0.4217399180176333,0.5678966386541695,0.82546819421197,0.9581469964484578,0.9945326409747832,0.9996378319415964,0.9999886291944161,0.9999998424021384,0.9999999991104156
clip     | alpha=0.0449013671875,426,0.040727124874591646,0.005666127105887199,0.01639000709422362,0.040727124874591646,0.06789942758364861,0.1139253109893287,0.18651269113701932,0.29020079661612364,0.4217399180176333,0.5678966386541695,0.82546819421197,0.9581469964484578,0.9945326409747832,0.9996378319415964,0.9999886291944161,0.9999998424021384,0.9999999991104156
clip     | alpha=0.0449013671875,427,0.040781935222920354,0.005666148153197343,0.016393985130396794,0.040781935222920354,0.06805679982548883,0.11430647227635887,0.18729168649927733,0.2915440546566421,0.4236931625471996,0.5702895047487447,0.8276030270595788,0.9590853612290058,0.9947309876583506,0.9996573387876542,0.9999894840697071,0.9999998581991004,0.9999999992251857
clip     | alpha=0.0449013671875,428,0.040781935222920354,0.005666148153197343,0.016393985130396794,0.040781935222920354,0.06805679982548883,0.11430647227635887,0.18729168649927733,0.2915440546566421,0.4236931625471996,0.5702895047487447,0.8276030270595788,0.9590853612290058,0.9947309876583506,0.9996573387876542,0.9999894840697071,0.9999998581991004,0.9999999992251857
clip     | alpha=0.0449013671875,429,0.040840251151141725,0.005666170322724273,0.016398210823288812,0.040840251151141725,0.068224170362542,0.11471136314994573,0.18811752137891166,0.29296407858413587,0.42575055168165377,0.572798753527881,0.829816253155957,0.9600438070382777,0.9949298647917175,0.9996764661089625,0.9999903004833229,0.9999998728281829,0.9999999993277585
clip     | alpha=0.0449013671875,430,0.040840251151141725,0.005666170322724273,0.016398210823288812,0.040840251151141725,0.068224170362542,0.11471136314994573,0.18811752137891166,0.29296407858413587,0.42575055168165377,0.572798753527881,0.829816253155957,0.9600438070382777,0.9949298647917175,0.9996764661089625,0.9999903004833229,0.9999998728281829,0.9999999993277585
clip     | alpha=0.0449013671875,431,0.04090160661970793,0.005666193414519888,0.016402649654056217,0.04090160661970793,0.06840019414196326,0.11513667613719894,0.1889832724247843,0.29444855509326257,0.427893529722737,0.5754007727511528,0.8320852251847445,0.9610118728442436,0.9951270553938835,0.9996950126405636,0.9999910714918255,0.9999998862250131,0.9999999994184106
clip     | alpha=0.0449013671875,432,0.04090160661970793,0.005666193414519888,0.016402649654056217,0.04090160661970793,0.06840019414196326,0.11513667613719894,0.1889832724247843,0.29444855509326257,0.427893529722737,0.5754007727511528,0.8320852251847445,0.9610118728442436,0.9951270553938835,0.9996950126405636,0.9999910714918255,0.9999998862250131,0.9999999994184106
clip     | alpha=0.0449013671875,433,0.040965693992303626,0.005666217293297421,0.016407278709152935,0.040965693992303626,0.0685839819841943,0.11558021574357492,0.18988431628914385,0.29598920549793506,0.430109541710564,0.5780795116576768,0.83439455311036,0.9619825958072612,0.9953211621628856,0.9997128661813443,0.9999917943634898,0.9999998984048123,0.9999999994979488
clip     | alpha=0.0449013671875,434,0.040965693992303626,0.005666217293297421,0.016407278709152935,0.040965693992303626,0.0685839819841943,0.11558021574357492,0.18988431628914385,0.29598920549793506,0.430109541710564,0.5780795116576768,0.83439455311036,0.9619825958072612,0.9953211621628856,0.9997128661813443,0.9999917943634898,0.9999998984048123,0.9999999994979488
clip     | alpha=0.0449013671875,435,0.040965693992303626,0.005666217293297421,0.016407278709152935,0.040965693992303626,0.0685839819841943,0.11558021574357492,0.18988431628914385,0.29598920549793506,0.430109541710564,0.5780795116576768,0.83439455311036,0.9619825958072612,0.9953211621628856,0.9997128661813443,0.9999917943634898,0.9999998984048123,0.9999999994979488
clip     | alpha=0.0449013671875,436,0.040998994635347535,0.005666228348582507,0.0164095841198724,0.040998994635347535,0.06868135157636893,0.1158195200263763,0.19037881557719716,0.2968482577753337,0.4313634914745421,0.5796159999516178,0.835750869546523,0.9625636651132471,0.9954390252456451,0.9997238096991394,0.9999922394025494,0.9999999058964725,0.9999999995465519
clip     | alpha=0.0449013671875,437,0.040998994635347535,0.005666228348582507,0.0164095841198724,0.040998994635347535,0.06868135157636893,0.1158195200263763,0.19037881557719716,0.2968482577753337,0.4313634914745421,0.5796159999516178,0.835750869546523,0.9625636651132471,0.9954390252456451,0.9997238096991394,0.9999922394025494,0.9999999058964725,0.9999999995465519
clip     | alpha=0.0449013671875,438,0.041041796050305196,0.005666242415879207,0.016412542530044136,0.041041796050305196,0.06880645094129423,0.11612660640296034,0.19101210888108994,0.2979453336956972,0.4329590797600953,0.5815624150160124,0.8374495191672229,0.9632806412062852,0.995581789203699,0.9997367726812312,0.9999927528387426,0.9999999142776002,0.9999999995990265
clip     | alpha=0.0449013671875,439,0.041041796050305196,0.005666242415879207,0.016412542530044136,0.041041796050305196,0.06880645094129423,0.11612660640296034,0.19101210888108994,0.2979453336956972,0.4329590797600953,0.5815624150160124,0.8374495191672229,0.9632806412062852,0.995581789203699,0.9997367726812312,0.9999927528387426,0.9999999142776002,0.9999999995990265
clip     | alpha=0.0449013671875,440,0.041090166401739146,0.005666258154510393,0.01641588051269939,0.041090166401739146,0.06894777056382274,0.11647309283966084,0.1917252241430373,0.2991772164688212,0.43474423977245763,0.5837304049843532,0.8393200384865075,0.964058493298309,0.9957338351947718,0.9997502737610069,0.9999932736620845,0.9999999225216851,0.9999999996488402
clip     | alpha=0.0449013671875,441,0.041090166401739146,0.005666258154510393,0.01641588051269939,0.041090166401739146,0.06894777056382274,0.11647309283966084,0.1917252241430373,0.2991772164688212,0.43474423977245763,0.5837304049843532,0.8393200384865075,0.964058493298309,0.9957338351947718,0.9997502737610069,0.9999932736620845,0.9999999225216851,0.9999999996488402
clip     | alpha=0.0449013671875,442,0.041142625299360074,0.005666275052773594,0.016419494849047277,0.041142625299360074,0.06910097404491644,0.11684826510733133,0.1924958318840922,0.30050467475296044,0.4366609314712728,0.5860477883241628,0.8412967322434938,0.9648683499887818,0.9958892348920646,0.9997637680773445,0.9999937806682038,0.9999999303038649,0.9999999996942206
clip     | alpha=0.0449013671875,443,0.041142625299360074,0.005666275052773594,0.016419494849047277,0.041142625299360074,0.06910097404491644,0.11684826510733133,0.1924958318840922,0.30050467475296044,0.4366609314712728,0.5860477883241628,0.8412967322434938,0.9648683499887818,0.9958892348920646,0.9997637680773445,0.9999937806682038,0.9999999303038649,0.9999999996942206
clip     | alpha=0.0449013671875,444,0.041198422020742975,0.005666292846494949,0.01642333300536259,0.041198422020742975,0.0692638602860731,0.11724667014490651,0.19331252069721228,0.30190755947446485,0.4386791908394703,0.588477127175637,0.8433453747827543,0.9656952803316022,0.9960450017165943,0.999776995732775,0.9999942647130111,0.9999999375084614,0.9999999997347656
clip     | alpha=0.0449013671875,445,0.041198422020742975,0.005666292846494949,0.01642333300536259,0.041198422020742975,0.0692638602860731,0.11724667014490651,0.19331252069721228,0.30190755947446485,0.4386791908394703,0.588477127175637,0.8433453747827543,0.9656952803316022,0.9960450017165943,0.999776995732775,0.9999942647130111,0.9999999375084614,0.9999999997347656
clip     | alpha=0.0449013671875,446,0.04125710910460101,0.005666311374805851,0.016427363525358046,0.04125710910460101,0.06943511577438595,0.11766504275360665,0.19416842296122291,0.3033736723839964,0.44078077129643106,0.5909955151688322,0.8454449783950609,0.9665302563661113,0.9961994005780329,0.9997898178336427,0.9999947216983414,0.9999999441041841,0.9999999997705876
clip     | alpha=0.0449013671875,447,0.04125710910460101,0.005666311374805851,0.016427363525358046,0.04125710910460101,0.06943511577438595,0.11766504275360665,0.19416842296122291,0.3033736723839964,0.44078077129643106,0.5909955151688322,0.8454449783950609,0.9665302563661113,0.9961994005780329,0.9997898178336427,0.9999947216983414,0.9999999441041841,0.9999999997705876
clip     | alpha=0.0449013671875,448,0.04131839107565218,0.005666330528882426,0.016431565523418533,0.04131839107565218,0.06961387190329786,0.11810121498257505,0.19505895200731085,0.3048948124162185,0.44295332945431054,0.5935873870503726,0.8475812908959208,0.967367275602014,0.9963513396838317,0.999802157171351,0.9999951500251901,0.9999999500989396,0.9999999998020086
clip     | alpha=0.0449013671875,449,0.04131839107565218,0.005666330528882426,0.016431565523418533,0.04131839107565218,0.06961387190329786,0.11810121498257505,0.19505895200731085,0.3048948124162185,0.44295332945431054,0.5935873870503726,0.8475812908959208,0.967367275602014,0.9963513396838317,0.999802157171351,0.9999951500251901,0.9999999500989396,0.9999999998020086
clip     | alpha=0.0449013671875,450,0.04131839107565218,0.005666330528882426,0.016431565523418533,0.04131839107565218,0.06961387190329786,0.11810121498257505,0.19505895200731085,0.3048948124162185,0.44295332945431054,0.5935873870503726,0.8475812908959208,0.967367275602014,0.9963513396838317,0.999802157171351,0.9999951500251901,0.9999999500989396,0.9999999998020086
clip     | alpha=0.0449013671875,451,0.04135022479026616,0.005666339394184059,0.016433657641756538,0.04135022479026616,0.06970854835076219,0.1183364762950316,0.1955475394114602,0.305742740710688,0.444182335117251,0.5950736198478607,0.848835629069745,0.9678681657747825,0.9964435715767499,0.9998097185133095,0.9999954136502349,0.9999999537851817,0.9999999998212034
clip     | alpha=0.0449013671875,452,0.04135022479026616,0.005666339394184059,0.016433657641756538,0.04135022479026616,0.06970854835076219,0.1183364762950316,0.1955475394114602,0.305742740710688,0.444182335117251,0.5950736198478607,0.848835629069745,0.9678681657747825,0.9964435715767499,0.9998097185133095,0.9999954136502349,0.9999999537851817,0.9999999998212034
clip     | alpha=0.0449013671875,453,0.04139113149847059,0.0056663506722836555,0.016436341737682478,0.04139113149847059,0.06983016006640631,0.11863830622445037,0.1961731199070711,0.30682536539410965,0.44574582938358726,0.5969559454533256,0.8504062056934132,0.9684860697062851,0.9965552639743709,0.9998186731621536,0.9999957177224408,0.9999999579081496,0.9999999998419223
clip     | alpha=0.0449013671875,454,0.04139113149847059,0.0056663506722836555,0.016436341737682478,0.04139113149847059,0.06983016006640631,0.11863830622445037,0.1961731199070711,0.30682536539410965,0.44574582938358726,0.5969559454533256,0.8504062056934132,0.9684860697062851,0.9965552639743709,0.9998186731621536,0.9999957177224408,0.9999999579081496,0.9999999998419223
clip     | alpha=0.0449013671875,455,0.04143734993534026,0.005666363287416858,0.016439369510778696,0.04143734993534026,0.06996750808015194,0.1189787830796536,0.19687738739370936,0.30804074019581895,0.4474946779606177,0.5990520655668455,0.8521352938054498,0.9691562828057769,0.9966741907410402,0.9998279973657145,0.9999960260982407,0.9999999619627639,0.9999999998615862
clip     | alpha=0.0449013671875,456,0.04143734993534026,0.005666363287416858,0.016439369510778696,0.04143734993534026,0.06996750808015194,0.1189787830796536,0.19687738739370936,0.30804074019581895,0.4474946779606177,0.5990520655668455,0.8521352938054498,0.9691562828057769,0.9966741907410402,0.9998279973657145,0.9999960260982407,0.9999999619627639,0.9999999998615862
clip     | alpha=0.0449013671875,457,0.04148746343564466,0.005666376828908937,0.016442647197056,0.04148746343564466,0.07011637154241396,0.11934736298329085,0.19763825806298635,0.3093501069076118,0.44937194859841645,0.6012921085144087,0.8539621059287518,0.9698539103668667,0.9967957125914612,0.9998373147433344,0.9999963262235481,0.9999999657893185,0.9999999998794958
clip     | alpha=0.0449013671875,458,0.04148746343564466,0.005666376828908937,0.016442647197056,0.04148746343564466,0.07011637154241396,0.11934736298329085,0.19763825806298635,0.3093501069076118,0.44937194859841645,0.6012921085144087,0.8539621059287518,0.9698539103668667,0.9967957125914612,0.9998373147433344,0.9999963262235481,0.9999999657893185,0.9999999998794958
clip     | alpha=0.0449013671875,459,0.04154075332104038,0.005666391084714479,0.01644612705890919,0.04154075332104038,0.07027460721999881,0.11973867778220848,0.19844444287072419,0.31073355518359336,0.4513482452285062,0.6036398327751826,0.8558549777603262,0.9705660823933947,0.9969174936373105,0.9998464459087709,0.9999966126911483,0.99999996933106,0.9999999998954935
clip     | alpha=0.0449013671875,460,0.04154075332104038,0.005666391084714479,0.01644612705890919,0.04154075332104038,0.07027460721999881,0.11973867778220848,0.19844444287072419,0.31073355518359336,0.4513482452285062,0.6036398327751826,0.8558549777603262,0.9705660823933947,0.9969174936373105,0.9998464459087709,0.9999966126911483,0.99999996933106,0.9999999998954935
clip     | alpha=0.0449013671875,461,0.041596791069591944,0.005666405925703684,0.016449780503015512,0.041596791069591944,0.07044093567385308,0.12014951212165557,0.19928914622848684,0.3121790295726103,0.4534056664571297,0.6060730656450405,0.8577944982661727,0.9712850213812648,0.9970381779631606,0.9998552951201535,0.999996883083402,0.999999972572751,0.9999999999096244
clip     | alpha=0.0449013671875,462,0.041596791069591944,0.005666405925703684,0.016449780503015512,0.041596791069591944,0.07044093567385308,0.12014951212165557,0.19928914622848684,0.3121790295726103,0.4534056664571297,0.6060730656450405,0.8577944982661727,0.9712850213812648,0.9970381779631606,0.9998552951201535,0.999996883083402,0.999999972572751,0.9999999999096244
clip     | alpha=0.0449013671875,463,0.04165529361513392,0.005666421264529968,0.016453588539713675,0.04165529361513392,0.07061451055761928,0.12057773059057181,0.20016782882480302,0.3136784246105061,0.4555321033396832,0.6085767435380292,0.859767492136921,0.9720055601517943,0.9971569133663793,0.9998638092666909,0.9999971364627269,0.9999999755184243,0.9999999999220165
clip     | alpha=0.0449013671875,464,0.04165529361513392,0.005666421264529968,0.016453588539713675,0.04165529361513392,0.07061451055761928,0.12057773059057181,0.20016782882480302,0.3136784246105061,0.4555321033396832,0.6085767435380292,0.859767492136921,0.9720055601517943,0.9971569133663793,0.9998638092666909,0.9999971364627269,0.9999999755184243,0.9999999999220165
clip     | alpha=0.0449013671875,465,0.04165529361513392,0.005666421264529968,0.016453588539713675,0.04165529361513392,0.07061451055761928,0.12057773059057181,0.20016782882480302,0.3136784246105061,0.4555321033396832,0.6085767435380292,0.859767492136921,0.9720055601517943,0.9971569133663793,0.9998638092666909,0.9999971364627269,0.9999999755184243,0.9999999999220165
clip     | alpha=0.0449013671875,466,0.041685676940257585,0.005666428362438044,0.016455484099418254,0.041685676940257585,0.07070642290119995,0.12080865181070133,0.2006498122973241,0.3145140506120631,0.45673475793132173,0.6100120931943996,0.8609256867434021,0.9724366525561059,0.9972289739427703,0.9998690254649981,0.9999972923779381,0.9999999773293596,0.999999999929585
clip     | alpha=0.0449013671875,467,0.041685676940257585,0.005666428362438044,0.016455484099418254,0.041685676940257585,0.07070642290119995,0.12080865181070133,0.2006498122973241,0.3145140506120631,0.45673475793132173,0.6100120931943996,0.8609256867434021,0.9724366525561059,0.9972289739427703,0.9998690254649981,0.9999972923779381,0.9999999773293596,0.999999999929585
clip     | alpha=0.0449013671875,468,0.04172471322870424,0.005666437390588388,0.01645791560492697,0.04172471322870424,0.07082446401666455,0.12110486311835204,0.2012668320717712,0.3155807861052178,0.45826446870643656,0.6118296651872254,0.8623756334203048,0.9729683625476372,0.9973162241016642,0.999875201784833,0.999997472184091,0.9999999793544995,0.9999999999377531
clip     | alpha=0.0449013671875,469,0.04172471322870424,0.005666437390588388,0.01645791560492697,0.04172471322870424,0.07082446401666455,0.12110486311835204,0.2012668320717712,0.3155807861052178,0.45826446870643656,0.6118296651872254,0.8623756334203048,0.9729683625476372,0.9973162241016642,0.999875201784833,0.999997472184091,0.9999999793544995,0.9999999999377531
clip     | alpha=0.0449013671875,470,0.041768810666109824,0.0056664474872734835,0.016460657966180372,0.041768810666109824,0.070957756109311,0.12143894355123999,0.20196134068397098,0.31677811417013085,0.45997522975878385,0.6138533233391597,0.8639716380258897,0.9735449841231606,0.9974091092626186,0.9998816318752162,0.9999976545032155,0.9999999813457171,0.9999999999455039
clip     | alpha=0.0449013671875,471,0.041768810666109824,0.0056664474872734835,0.016460657966180372,0.041768810666109824,0.070957756109311,0.12143894355123999,0.20196134068397098,0.31677811417013085,0.45997522975878385,0.6138533233391597,0.8639716380258897,0.9735449841231606,0.9974091092626186,0.9998816318752162,0.9999976545032155,0.9999999813457171,0.9999999999455039
clip     | alpha=0.0449013671875,472,0.04181661603002268,0.005666458323480219,0.016463626161750813,0.04181661603002268,0.07110219824789354,0.12180053561349624,0.20271153648763068,0.31806781215503693,0.46181129379996555,0.616015549520792,0.8656575492097939,0.974145086570026,0.997504004603796,0.999888056130934,0.999997831913318,0.9999999832246051,0.9999999999525621
clip     | alpha=0.0449013671875,473,0.04181661603002268,0.005666458323480219,0.016463626161750813,0.04181661603002268,0.07110219824789354,0.12180053561349624,0.20271153648763068,0.31806781215503693,0.46181129379996555,0.616015549520792,0.8656575492097939,0.974145086570026,0.997504004603796,0.999888056130934,0.999997831913318,0.9999999832246051,0.9999999999525621
clip     | alpha=0.0449013671875,474,0.0418674426135505,0.005666469729306857,0.016466776893103434,0.0418674426135505,0.07125570746152095,0.12218436458310862,0.2035062720353686,0.3194302412005128,0.4637438730372338,0.6182813210024525,0.8674041202568797,0.9747575933780193,0.9975990857609714,0.9998943508967172,0.9999980012205386,0.9999999849633429,0.9999999999588656
clip     | alpha=0.0449013671875,475,0.0418674426135505,0.005666469729306857,0.016466776893103434,0.0418674426135505,0.07125570746152095,0.12218436458310862,0.2035062720353686,0.3194302412005128,0.4637438730372338,0.6182813210024525,0.8674041202568797,0.9747575933780193,0.9975990857609714,0.9998943508967172,0.9999980012205386,0.9999999849633429,0.9999999999588656
clip     | alpha=0.0449013671875,476,0.041920880828920815,0.005666481601282272,0.016470084218872565,0.041920880828920815,0.07141703990896534,0.12258727022629574,0.20433883557058227,0.32085350860836537,0.4657554355415353,0.6206292114495048,0.8691934260154643,0.9753758135634322,0.997693294407369,0.9999004502398919,0.9999981609994111,0.9999999865545033,0.9999999999644327
clip     | alpha=0.0449013671875,477,0.041920880828920815,0.005666481601282272,0.016470084218872565,0.041920880828920815,0.07141703990896534,0.12258727022629574,0.20433883557058227,0.32085350860836537,0.4657554355415353,0.6206292114495048,0.8691934260154643,0.9753758135634322,0.997693294407369,0.9999004502398919,0.9999981609994111,0.9999999865545033,0.9999999999644327
clip     | alpha=0.0449013671875,478,0.04197666003635506,0.005666493869418119,0.016473530906619085,0.04197666003635506,0.07158537255988039,0.12300715324971555,0.20520474306336314,0.3223296177855026,0.46783412263470775,0.6230446662591633,0.8710133038189507,0.9759953042865839,0.9977859659589567,0.9999063176430262,0.9999983106996829,0.9999999880001204,0.9999999999693139
clip     | alpha=0.0449013671875,479,0.04197666003635506,0.005666493869418119,0.016473530906619085,0.04197666003635506,0.07158537255988039,0.12300715324971555,0.20520474306336314,0.3223296177855026,0.46783412263470775,0.6230446662591633,0.8710133038189507,0.9759953042865839,0.9977859659589567,0.9999063176430262,0.9999983106996829,0.9999999880001204,0.9999999999693139
clip     | alpha=0.0449013671875,480,0.0420345883031654,0.005666506482812258,0.016477104661061396,0.0420345883031654,0.07176012079808554,0.12344251581532979,0.20610077484116884,0.32385278736976997,0.46997130956558275,0.6255170609781272,0.8728549139653379,0.9766129283892926,0.9978766644178005,0.999911933377826,0.9999984502476869,0.9999999893068638,0.999999999973572
clip     | alpha=0.0449013671875,481,0.0420345883031654,0.005666506482812258,0.016477104661061396,0.0420345883031654,0.07176012079808554,0.12344251581532979,0.20610077484116884,0.32385278736976997,0.46997130956558275,0.6255170609781272,0.8728549139653379,0.9766129283892926,0.9978766644178005,0.999911933377826,0.9999984502476869,0.9999999893068638,0.999999999973572
clip     | alpha=0.0449013671875,482,0.0420345883031654,0.005666506482812258,0.016477104661061396,0.0420345883031654,0.07176012079808554,0.12344251581532979,0.20610077484116884,0.32385278736976997,0.46997130956558275,0.6255170609781272,0.8728549139653379,0.9766129283892926,0.9978766644178005,0.999911933377826,0.9999984502476869,0.9999999893068638,0.999999999973572
clip     | alpha=0.0449013671875,483,0.04206455530058432,0.005666512296642764,0.016478876618186138,0.04206455530058432,0.07185229129328365,0.12367636813977154,0.2065903458499197,0.3246983315268525,0.47117530013492065,0.626928913131046,0.8739317402781492,0.9769809975328954,0.9979314933219467,0.9999153603590237,0.9999985357805676,0.9999999901070681,0.9999999999761625
clip     | alpha=0.0449013671875,484,0.04206455530058432,0.005666512296642764,0.016478876618186138,0.04206455530058432,0.07185229129328365,0.12367636813977154,0.2065903458499197,0.3246983315268525,0.47117530013492065,0.626928913131046,0.8739317402781492,0.9769809975328954,0.9979314933219467,0.9999153603590237,0.9999985357805676,0.9999999901070681,0.9999999999761625
clip     | alpha=0.0449013671875,485,0.04210296124847705,0.005666519673184752,0.01648114393933755,0.04210296124847705,0.07197037049982764,0.12397559565160575,0.20721552526348702,0.32577505240308513,0.47270291381068197,0.628712298392473,0.8752764798726234,0.9774338491278155,0.9979977149877433,0.9999194080695449,0.9999986341751533,0.9999999909997053,0.9999999999789513
clip     | alpha=0.0449013671875,486,0.04210296124847705,0.005666519673184752,0.01648114393933755,0.04210296124847705,0.07197037049982764,0.12397559565160575,0.20721552526348702,0.32577505240308513,0.47270291381068197,0.628712298392473,0.8752764798726234,0.9774338491278155,0.9979977149877433,0.9999194080695449,0.9999986341751533,0.9999999909997053,0.9999999999789513
clip     | alpha=0.0449013671875,487,0.042146252485799736,0.005666527904884551,0.01648369557769589,0.042146252485799736,0.07210341630433846,0.12431234565131018,0.20791769142774924,0.32698096609663946,0.47440762276607273,0.6306935853393969,0.8767534679108414,0.9779238858712258,0.9980680605797669,0.9999236129477614,0.9999987337284293,0.9999999918754859,0.9999999999815918
clip     | alpha=0.0449013671875,488,0.042146252485799736,0.005666527904884551,0.01648369557769589,0.042146252485799736,0.07210341630433846,0.12431234565131018,0.20791769142774924,0.32698096609663946,0.47440762276607273,0.6306935853393969,0.8767534679108414,0.9779238858712258,0.9980680605797669,0.9999236129477614,0.9999987337284293,0.9999999918754859,0.9999999999815918
clip     | alpha=0.0449013671875,489,0.04219309495236028,0.005666536722770455,0.016486452112315832,0.04219309495236028,0.07224731842302645,0.12467613663658665,0.20867472192153871,0.32827745130511077,0.4762337254465462,0.6328065285750794,0.8783107023867383,0.9784329114833078,0.9981397924118438,0.9999278060518648,0.9999988304176715,0.999999992700296,0.9999999999839919
clip     | alpha=0.0449013671875,490,0.04219309495236028,0.005666536722770455,0.016486452112315832,0.04219309495236028,0.07224731842302645,0.12467613663658665,0.20867472192153871,0.32827745130511077,0.4762337254465462,0.6328065285750794,0.8783107023867383,0.9784329114833078,0.9981397924118438,0.9999278060518648,0.9999988304176715,0.999999992700296,0.9999999999839919
clip     | alpha=0.0449013671875,491,0.04224281489132315,0.005666545988732162,0.016489373295923933,0.04224281489132315,0.07239999916682817,0.12506165701252403,0.2094753631016945,0.3296447707200675,0.47815262048506346,0.6350169717568208,0.8799212817006133,0.9789515941072752,0.9982115450761705,0.9999319077995564,0.9999989225372264,0.9999999934623114,0.9999999999861318
clip     | alpha=0.0449013671875,492,0.04224281489132315,0.005666545988732162,0.016489373295923933,0.04224281489132315,0.07239999916682817,0.12506165701252403,0.2094753631016945,0.3296447707200675,0.47815262048506346,0.6350169717568208,0.8799212817006133,0.9789515941072752,0.9982115450761705,0.9999319077995564,0.9999989225372264,0.9999999934623114,0.9999999999861318
clip     | alpha=0.0449013671875,493,0.04229501251832591,0.005666555619166368,0.016492435143733764,0.04229501251832591,0.07256022431699195,0.12546574141017566,0.21031287660035455,0.331071040683192,0.48014699440972264,0.6373041511195875,0.8815688353477953,0.9794743429801674,0.9982825344723606,0.9999358763470424,0.9999990093442466,0.9999999941586216,0.9999999999880188
clip     | alpha=0.0449013671875,494,0.04229501251832591,0.005666555619166368,0.016492435143733764,0.04229501251832591,0.07256022431699195,0.12546574141017566,0.21031287660035455,0.331071040683192,0.48014699440972264,0.6373041511195875,0.8815688353477953,0.9794743429801674,0.9982825344723606,0.9999358763470424,0.9999990093442466,0.9999999941586216,0.9999999999880188
clip     | alpha=0.0449013671875,495,0.042349425017950235,0.005666565557852615,0.016495621806382716,0.042349425017950235,0.07272718140150204,0.12588629812526997,0.2111827848549627,0.33254831530297685,0.4822052044834554,0.6396540481696067,0.8832423316523533,0.9799974761473981,0.9983522736267652,0.9999396889533748,0.9999990905684778,0.999999994790407,0.9999999999896712
clip     | alpha=0.0449013671875,496,0.042349425017950235,0.005666565557852615,0.016495621806382716,0.042349425017950235,0.07272718140150204,0.12588629812526997,0.2111827848549627,0.33254831530297685,0.4822052044834554,0.6396540481696067,0.8832423316523533,0.9799974761473981,0.9983522736267652,0.9999396889533748,0.9999990905684778,0.999999994790407,0.9999999999896712
clip     | alpha=0.0449013671875,497,0.042349425017950235,0.005666565557852615,0.016495621806382716,0.042349425017950235,0.07272718140150204,0.12588629812526997,0.2111827848549627,0.33254831530297685,0.4822052044834554,0.6396540481696067,0.8832423316523533,0.9799974761473981,0.9983522736267652,0.9999396889533748,0.9999990905684778,0.999999994790407,0.9999999999896712
clip     | alpha=0.0449013671875,498,0.042377645955391584,0.00566657015067281,0.016497205913897618,0.042377645955391584,0.07281546987954671,0.1261127809340049,0.21165930997002894,0.33337049989497275,0.48336769746111374,0.6409994137495069,0.8842233853546501,0.9803100390948456,0.9983945411109337,0.9999420215903715,0.9999991404816467,0.9999999951782894,0.999999999990679
clip     | alpha=0.0449013671875,499,0.042377645955391584,0.00566657015067281,0.016497205913897618,0.042377645955391584,0.07281546987954671,0.1261127809340049,0.21165930997002894,0.33337049989497275,0.48336769746111374,0.6409994137495069,0.8842233853546501,0.9803100390948456,0.9983945411109337,0.9999420215903715,0.9999991404816467,0.9999999951782894,0.999999999990679
clip     | alpha=0.0449013671875,500,0.04241386784936349,0.005666575986660365,0.016499235880746338,0.04241386784936349,0.07292874381691898,0.1264030090840592,0.2122687335200696,0.3344190293510249,0.4848448496816117,0.6427013399580608,0.8854503435768477,0.9806951700667312,0.9984456670614165,0.9999447808295279,0.9999991979856006,0.9999999956116193,0.9999999999917656
clip     | alpha=0.0449013671875,501,0.04241386784936349,0.005666575986660365,0.016499235880746338,0.04241386784936349,0.07292874381691898,0.1264030090840592,0.2122687335200696,0.3344190293510249,0.4848448496816117,0.6427013399580608,0.8854503435768477,0.9806951700667312,0.9984456670614165,0.9999447808295279,0.9999991979856006,0.9999999956116193,0.9999999999917656
clip     | alpha=0.0449013671875,502,0.04245474615089969,0.005666582507015336,0.01650152313901228,0.04245474615089969,0.07305652824456982,0.12673002266836453,0.21295402390666196,0.3355947764239462,0.4864952227734192,0.6445943944217306,0.8867995821183726,0.9811124248908828,0.9985000419475372,0.9999476506418663,0.9999992562364467,0.9999999960372759,0.9999999999927957
clip     | alpha=0.0449013671875,503,0.04245474615089969,0.005666582507015336,0.01650152313901228,0.04245474615089969,0.07305652824456982,0.12673002266836453,0.21295402390666196,0.3355947764239462,0.4864952227734192,0.6445943944217306,0.8867995821183726,0.9811124248908828,0.9985000419475372,0.9999476506418663,0.9999992562364467,0.9999999960372759,0.9999999999927957
clip     | alpha=0.0449013671875,504,0.042499020275971355,0.005666589498406139,0.01650399643972597,0.042499020275971355,0.07319487256177498,0.12708363508874207,0.2136935704356047,0.33686004474255343,0.4882648201812452,0.6466151833252403,0.8882234941460141,0.9815462650435782,0.9985555416663194,0.9999505151701138,0.9999993128658815,0.9999999964385445,0.9999999999937328
clip     | alpha=0.0449013671875,505,0.042499020275971355,0.005666589498406139,0.01650399643972597,0.042499020275971355,0.07319487256177498,0.12708363508874207,0.2136935704356047,0.33686004474255343,0.4882648201812452,0.6466151833252403,0.8882234941460141,0.9815462650435782,0.9985555416663194,0.9999505151701138,0.9999993128658815,0.9999999964385445,0.9999999999937328
clip     | alpha=0.0449013671875,506,0.042546050479130015,0.005666596850747128,0.016506619500556947,0.042546050479130015,0.0733417700733337,0.12745865899267136,0.21447632586579687,0.33819547460574634,0.49012577802535245,0.6487308561634662,0.8896973238357653,0.9819886780075195,0.9986111004753064,0.9999533194570094,0.9999993668606817,0.9999999968095507,0.999999999994569
clip     | alpha=0.0449013671875,507,0.042546050479130015,0.005666596850747128,0.016506619500556947,0.042546050479130015,0.0733417700733337,0.12745865899267136,0.21447632586579687,0.33819547460574634,0.49012577802535245,0.6487308561634662,0.8896973238357653,0.9819886780075195,0.9986111004753064,0.9999533194570094,0.9999993668606817,0.9999999968095507,0.999999999994569
clip     | alpha=0.0449013671875,508,0.042595455274435576,0.005666604497077963,0.016509370593001487,0.042595455274435576,0.07349602283061789,0.12785198781541066,0.21529564303809307,0.33958935309538407,0.4920611479118003,0.6509213470706827,0.8912059332923764,0.9824348387220777,0.9986661027251027,0.9999560343777673,0.9999994177734874,0.9999999971487791,0.9999999999953069
clip     | alpha=0.0449013671875,509,0.042595455274435576,0.005666604497077963,0.016509370593001487,0.042595455274435576,0.07349602283061789,0.12785198781541066,0.21529564303809307,0.33958935309538407,0.4920611479118003,0.6509213470706827,0.8912059332923764,0.9824348387220777,0.9986661027251027,0.9999560343777673,0.9999994177734874,0.9999999971487791,0.9999999999953069
clip     | alpha=0.0449013671875,510,0.04264698271999459,0.005666612392180745,0.01651223529377522,0.04264698271999459,0.07365683862195815,0.12826155943306722,0.21614708546135022,0.3410338147182322,0.4940594846964237,0.653173052932576,0.8927390796299081,0.982881555299209,0.9987201638701919,0.9999586439488608,0.999999465436269,0.9999999974567293,0.9999999999959533
clip     | alpha=0.0449013671875,511,0.04264698271999459,0.005666612392180745,0.01651223529377522,0.04264698271999459,0.07365683862195815,0.12826155943306722,0.21614708546135022,0.3410338147182322,0.4940594846964237,0.653173052932576,0.8927390796299081,0.982881555299209,0.9987201638701919,0.9999586439488608,0.999999465436269,0.9999999974567293,0.9999999999959533
clip     | alpha=0.0449013671875,512,0.04270045427492692,0.005666620503232697,0.01651520332207782,0.04270045427492692,0.07382365517378245,0.12868590398042498,0.2170274716166051,0.34252318193765274,0.49611248057567026,0.655476066802586,0.8942893415717464,0.9833265834690463,0.9987730333111433,0.9999611396685162,0.9999995098325334,0.9999999977348822,0.9999999999965169
clip     | alpha=0.0449013671875,513,0.04270045427492692,0.005666620503232697,0.01651520332207782,0.04270045427492692,0.07382365517378245,0.12868590398042498,0.2170274716166051,0.34252318193765274,0.49611248057567026,0.655476066802586,0.8942893415717464,0.9833265834690463,0.9987730333111433,0.9999611396685162,0.9999995098325334,0.9999999977348822,0.9999999999965169
clip     | alpha=0.0449013671875,514,0.04270045427492692,0.005666620503232697,0.01651520332207782,0.04270045427492692,0.07382365517378245,0.12868590398042498,0.2170274716166051,0.34252318193765274,0.49611248057567026,0.655476066802586,0.8942893415717464,0.9833265834690463,0.9987730333111433,0.9999611396685162,0.9999995098325334,0.9999999977348822,0.9999999999965169
clip     | alpha=0.0449013671875,515,0.04272809550279622,0.005666624239082478,0.016516673867221134,0.04272809550279622,0.0739115776836081,0.12891367111359264,0.2175081419363107,0.3433493561727612,0.4972681948444336,0.6567902314768064,0.8951951468932356,0.9835916009363032,0.9988049704641214,0.9999626615567273,0.9999995370243187,0.9999999979050886,0.9999999999968595
clip     | alpha=0.0449013671875,516,0.04272809550279622,0.005666624239082478,0.016516673867221134,0.04272809550279622,0.0739115776836081,0.12891367111359264,0.2175081419363107,0.3433493561727612,0.4972681948444336,0.6567902314768064,0.8951951468932356,0.9835916009363032,0.9988049704641214,0.9999626615567273,0.9999995370243187,0.9999999979050886,0.9999999999968595
clip     | alpha=0.0449013671875,517,0.042763500811028136,0.005666628976434397,0.016518554456612725,0.042763500811028136,0.07402415149567569,0.1292049484377434,0.21812161016197384,0.34440081985891285,0.4987337316109618,0.6584492893355216,0.8963256797569743,0.9839174802406906,0.9988435220745258,0.9999644580941468,0.999999568287388,0.9999999980948492,0.9999999999972281
clip     | alpha=0.0449013671875,518,0.042763500811028136,0.005666628976434397,0.016518554456612725,0.042763500811028136,0.07402415149567569,0.1292049484377434,0.21812161016197384,0.34440081985891285,0.4987337316109618,0.6584492893355216,0.8963256797569743,0.9839174802406906,0.9988435220745258,0.9999644580941468,0.999999568287388,0.9999999980948492,0.9999999999972281
clip     | alpha=0.0449013671875,519,0.04280338714403523,0.005666634259993547,0.016520669670482022,0.04280338714403523,0.07415092233082797,0.1295325658531196,0.2188102331612652,0.34557777955831964,0.5003682418445625,0.6602914095066164,0.8975666923771047,0.9842699190658235,0.9988844513006324,0.9999663233330489,0.999999599900714,0.999999998280921,0.9999999999975769
clip     | alpha=0.0449013671875,520,0.04280338714403523,0.005666634259993547,0.016520669670482022,0.04280338714403523,0.07415092233082797,0.1295325658531196,0.2188102331612652,0.34557777955831964,0.5003682418445625,0.6602914095066164,0.8975666923771047,0.9842699190658235,0.9988844513006324,0.9999663233330489,0.999999599900714,0.999999998280921,0.9999999999975769
clip     | alpha=0.0449013671875,521,0.042846521298159336,0.005666639916638797,0.016522953459776214,0.042846521298159336,0.07428796088686244,0.12988629327363538,0.2195522477045791,0.3468424295634287,0.5021181691732491,0.6622548413394644,0.8988743999785765,0.9846358104245477,0.9989261637781385,0.9999681823104307,0.9999996305874154,0.9999999984560656,0.9999999999978938
clip     | alpha=0.0449013671875,522,0.042846521298159336,0.005666639916638797,0.016522953459776214,0.042846521298159336,0.07428796088686244,0.12988629327363538,0.2195522477045791,0.3468424295634287,0.5021181691732491,0.6622548413394644,0.8988743999785765,0.9846358104245477,0.9989261637781385,0.9999681823104307,0.9999996305874154,0.9999999984560656,0.9999999999978938
clip     | alpha=0.0449013671875,523,0.04289228011317578,0.0056666458574755885,0.01652537233846715,0.04289228011317578,0.074433279921725,0.13026094417600306,0.22033657913686489,0.3481754457299397,0.503956013371799,0.6643077517932034,0.9002261656308638,0.9850084396119367,0.9989678655728897,0.9999699997921668,0.9999996598078408,0.9999999986177875,0.9999999999981761
clip     | alpha=0.0449013671875,524,0.04289228011317578,0.0056666458574755885,0.01652537233846715,0.04289228011317578,0.074433279921725,0.13026094417600306,0.22033657913686489,0.3481754457299397,0.503956013371799,0.6643077517932034,0.9002261656308638,0.9850084396119367,0.9989678655728897,0.9999699997921668,0.9999996598078408,0.9999999986177875,0.9999999999981761
clip     | alpha=0.0449013671875,525,0.042940293658376726,0.005666652028706844,0.01652790634462564,0.042940293658376726,0.07458569844772063,0.13065342673308192,0.22115659516974207,0.34956519355922566,0.5058651318949292,0.6664307992694449,0.9016082281439889,0.9853837902059687,0.9990091018100727,0.9999717573172279,0.9999996873284716,0.9999999987654863,0.9999999999984249
clip     | alpha=0.0449013671875,526,0.042940293658376726,0.005666652028706844,0.01652790634462564,0.042940293658376726,0.07458569844772063,0.13065342673308192,0.22115659516974207,0.34956519355922566,0.5058651318949292,0.6664307992694449,0.9016082281439889,0.9853837902059687,0.9990091018100727,0.9999717573172279,0.9999996873284716,0.9999999987654863,0.9999999999984249
clip     | alpha=0.0449013671875,527,0.04299031866217151,0.005666658394175317,0.016530542285073203,0.04299031866217151,0.07474443880764389,0.13106169750373556,0.22200788886794404,0.3510038958763727,0.5078343392166326,0.6686109361250218,0.9030113271551262,0.9857592225598961,0.9990495908670908,0.9999734449088022,0.9999997130658663,0.999999998899429,0.9999999999986428
clip     | alpha=0.0449013671875,528,0.04299031866217151,0.005666658394175317,0.016530542285073203,0.04299031866217151,0.07474443880764389,0.13106169750373556,0.22200788886794404,0.3510038958763727,0.5078343392166326,0.6686109361250218,0.9030113271551262,0.9857592225598961,0.9990495908670908,0.9999734449088022,0.9999997130658663,0.999999998899429,0.9999999999986428
clip     | alpha=0.0449013671875,529,0.04304218338730348,0.005666664927744837,0.016533270792353567,0.04304218338730348,0.0749089511774675,0.13148430559835989,0.2228873124105209,0.3524859616442886,0.5098555499079521,0.6708387012554258,0.9044287862804886,0.9861328922568559,0.9990891510134844,0.999975057390392,0.9999997370173477,0.9999999990203002,0.9999999999988324
clip     | alpha=0.0449013671875,530,0.04304218338730348,0.005666664927744837,0.016533270792353567,0.04304218338730348,0.0749089511774675,0.13148430559835989,0.2228873124105209,0.3524859616442886,0.5098555499079521,0.6708387012554258,0.9044287862804886,0.9861328922568559,0.9990891510134844,0.999975057390392,0.9999997370173477,0.9999999990203002,0.9999999999988324
clip     | alpha=0.0449013671875,531,0.04304218338730348,0.005666664927744837,0.016533270792353567,0.04304218338730348,0.0749089511774675,0.13148430559835989,0.2228873124105209,0.3524859616442886,0.5098555499079521,0.6708387012554258,0.9044287862804886,0.9861328922568559,0.9990891510134844,0.999975057390392,0.9999997370173477,0.9999999990203002,0.9999999999988324
clip     | alpha=0.0449013671875,532,0.04306897175757087,0.005666667934530238,0.016534621542846833,0.04306897175757087,0.07499558733657255,0.1317109525777339,0.22336705898709153,0.3533074038763367,0.5109924274279225,0.6721088726621407,0.9052563091812103,0.9863552307056744,0.999113028525108,0.999976039865177,0.9999997516749646,0.999999999094202,0.9999999999989476
clip     | alpha=0.0449013671875,533,0.04306897175757087,0.005666667934530238,0.016534621542846833,0.04306897175757087,0.07499558733657255,0.1317109525777339,0.22336705898709153,0.3533074038763367,0.5109924274279225,0.6721088726621407,0.9052563091812103,0.9863552307056744,0.999113028525108,0.999976039865177,0.9999997516749646,0.999999999094202,0.9999999999989476
clip     | alpha=0.0449013671875,534,0.04310326382637592,0.005666671745057043,0.016536347885895916,0.04310326382637592,0.07510644681500073,0.13200062149837363,0.2239789766603101,0.3543522107070147,0.512433202769278,0.6737114183507671,0.9062885111660162,0.9866284637353974,0.9991418337808868,0.9999771989394667,0.9999997685169623,0.9999999991765439,0.9999999999990715
clip     | alpha=0.0449013671875,535,0.04310326382637592,0.005666671745057043,0.016536347885895916,0.04310326382637592,0.07510644681500073,0.13200062149837363,0.2239789766603101,0.3543522107070147,0.512433202769278,0.6737114183507671,0.9062885111660162,0.9866284637353974,0.9991418337808868,0.9999771989394667,0.9999997685169623,0.9999999991765439,0.9999999999990715
clip     | alpha=0.0449013671875,536,0.04314187326828327,0.005666675992426632,0.016538288465713872,0.04314187326828327,0.07523121358038713,0.13232623792877038,0.22466545454855172,0.35552103014004655,0.5140391501047461,0.6754897426079689,0.907420916229706,0.9869237914933783,0.9991723975458273,0.9999784016291239,0.9999997855376179,0.9999999992572377,0.9999999999991886
clip     | alpha=0.0449013671875,537,0.04314187326828327,0.005666675992426632,0.016538288465713872,0.04314187326828327,0.07523121358038713,0.13232623792877038,0.22466545454855172,0.35552103014004655,0.5140391501047461,0.6754897426079689,0.907420916229706,0.9869237914933783,0.9991723975458273,0.9999784016291239,0.9999997855376179,0.9999999992572377,0.9999999999991886
clip     | alpha=0.0449013671875,538,0.0431836030749696,0.005666680537156731,0.016540382524799824,0.0431836030749696,0.07536600989305446,0.13267760716300575,0.225404741635809,0.3567762270323093,0.515757530631928,0.6773841112501906,0.9086135083260203,0.9872302194253867,0.9992035286824367,0.9999795996072575,0.9999998020500854,0.9999999993331499,0.999999999999295
clip     | alpha=0.0449013671875,539,0.0431836030749696,0.005666680537156731,0.016540382524799824,0.0431836030749696,0.07536600989305446,0.13267760716300575,0.225404741635809,0.3567762270323093,0.515757530631928,0.6773841112501906,0.9086135083260203,0.9872302194253867,0.9992035286824367,0.9999795996072575,0.9999998020500854,0.9999999993331499,0.999999999999295
clip     | alpha=0.0449013671875,540,0.04322784845130577,0.005666685307666744,0.016542599266160064,0.04322784845130577,0.07550887487160737,0.13304956166967197,0.22618577279451346,0.3580985725843061,0.5175612794426651,0.6793637534887745,0.9098456218447538,0.9875421235399346,0.9992346352273281,0.9999807702190039,0.9999998177651562,0.9999999994032069,0.9999999999993897
clip     | alpha=0.0449013671875,541,0.04322784845130577,0.005666685307666744,0.016542599266160064,0.04322784845130577,0.07550887487160737,0.13304956166967197,0.22618577279451346,0.3580985725843061,0.5175612794426651,0.6793637534887745,0.9098456218447538,0.9875421235399346,0.9992346352273281,0.9999807702190039,0.9999998177651562,0.9999999994032069,0.9999999999993897
clip     | alpha=0.0449013671875,542,0.04327425048922404,0.005666690260676319,0.016544920338937612,0.04327425048922404,0.07565864361605647,0.13343902229660573,0.22700192515340417,0.3594764979747369,0.5194340320637344,0.6814099934773047,0.9111047129595022,0.9878561465687491,0.9992653789330133,0.9999819016407065,0.9999998325585681,0.9999999994671569,0.9999999999994732
clip     | alpha=0.0449013671875,543,0.04327425048922404,0.005666690260676319,0.016544920338937612,0.04327425048922404,0.07565864361605647,0.13343902229660573,0.22700192515340417,0.3594764979747369,0.5194340320637344,0.6814099934773047,0.9111047129595022,0.9878561465687491,0.9992653789330133,0.9999819016407065,0.9999998325585681,0.9999999994671569,0.9999999999994732
clip     | alpha=0.0449013671875,544,0.043322573285333,0.005666695367129607,0.016547333622371804,0.043322573285333,0.07581454947554585,0.13384395526050985,0.22784880141671,0.36090227721491636,0.5213648023630376,0.6835102496208755,0.9123823557122313,0.9881700873484359,0.9992955510993092,0.9999829875210521,0.9999998463867853,0.999999999525123,0.9999999999995463
clip     | alpha=0.0449013671875,545,0.043322573285333,0.005666695367129607,0.016547333622371804,0.043322573285333,0.07581454947554585,0.13384395526050985,0.22784880141671,0.36090227721491636,0.5213648023630376,0.6835102496208755,0.9123823557122313,0.9881700873484359,0.9992955510993092,0.9999829875210521,0.9999998463867853,0.999999999525123,0.9999999999995463
clip     | alpha=0.0449013671875,546,0.04337265040994457,0.005666700606051049,0.016549830517098522,0.04337265040994457,0.07597605077213608,0.13426291764508547,0.22872326354864994,0.3623703622032342,0.5233456593980889,0.6856554125669098,0.9136724873906272,0.9884824120212301,0.9993250176362436,0.9999840245998762,0.9999998592496104,0.9999999995774084,0.9999999999996098
clip     | alpha=0.0449013671875,547,0.04337265040994457,0.005666700606051049,0.016549830517098522,0.04337265040994457,0.07597605077213608,0.13426291764508547,0.22872326354864994,0.3623703622032342,0.5233456593980889,0.6856554125669098,0.9136724873906272,0.9884824120212301,0.9993250176362436,0.9999840245998762,0.9999998592496104,0.9999999995774084,0.9999999999996098
clip     | alpha=0.0449013671875,548,0.04337265040994457,0.005666700606051049,0.016549830517098522,0.04337265040994457,0.07597605077213608,0.13426291764508547,0.22872326354864994,0.3623703622032342,0.5233456593980889,0.6856554125669098,0.9136724873906272,0.9884824120212301,0.9993250176362436,0.9999840245998762,0.9999998592496104,0.9999999995774084,0.9999999999996098
clip     | alpha=0.0449013671875,549,0.04339850430211291,0.005666703015990545,0.016551066073532496,0.04339850430211291,0.07606106448456297,0.13448751233985182,0.2292000974673072,0.3631837039895709,0.524459357709048,0.686877959535736,0.9144253502152092,0.9886681690782237,0.9993427952149423,0.9999846562124272,0.9999998671178882,0.9999999996093624,0.9999999999996484
clip     | alpha=0.0449013671875,550,0.04339850430211291,0.005666703015990545,0.016551066073532496,0.04339850430211291,0.07606106448456297,0.13448751233985182,0.2292000974673072,0.3631837039895709,0.524459357709048,0.686877959535736,0.9144253502152092,0.9886681690782237,0.9993427952149423,0.9999846562124272,0.9999998671178882,0.9999999996093624,0.9999999999996484
clip     | alpha=0.0449013671875,551,0.043431589195222484,0.005666706069119421,0.016552644669400346,0.043431589195222484,0.0761698119219836,0.1347744634230646,0.22980809898329627,0.36421786573982534,0.5258702912520957,0.6884199086817361,0.9153641153046531,0.9888963715570446,0.9993642345686854,0.9999854011107907,0.9999998761557634,0.9999999996449539,0.9999999999996899
clip     | alpha=0.0449013671875,552,0.043431589195222484,0.005666706069119421,0.016552644669400346,0.043431589195222484,0.0761698119219836,0.1347744634230646,0.22980809898329627,0.36421786573982534,0.5258702912520957,0.6884199086817361,0.9153641153046531,0.9888963715570446,0.9993642345686854,0.9999854011107907,0.9999998761557634,0.9999999996449539,0.9999999999996899
clip     | alpha=0.0449013671875,553,0.04346882711291689,0.005666709471132532,0.016554418577782296,0.04346882711291689,0.07629216106482324,0.13509691766362555,0.23048995712859185,0.3653743925515961,0.5274424536497356,0.6901304217535088,0.9163936710296671,0.9891429455354466,0.9993869752053484,0.9999861737827258,0.9999998852864793,0.9999999996798214,0.9999999999997291
clip     | alpha=0.0449013671875,554,0.04346882711291689,0.005666709471132532,0.016554418577782296,0.04346882711291689,0.07629216106482324,0.13509691766362555,0.23048995712859185,0.3653743925515961,0.5274424536497356,0.6901304217535088,0.9163936710296671,0.9891429455354466,0.9993869752053484,0.9999861737827258,0.9999998852864793,0.9999999996798214,0.9999999999997291
clip     | alpha=0.0449013671875,555,0.043509061391148844,0.005666713110132107,0.016556332157615216,0.043509061391148844,0.07642430219159219,0.13544476084315799,0.23122402899328826,0.36661598229270714,0.5291241339105127,0.6919519584269154,0.9174775928531282,0.9893987035799181,0.9994101304153423,0.9999869431760813,0.9999998941416819,0.9999999997126122,0.9999999999997647
clip     | alpha=0.0449013671875,556,0.043509061391148844,0.005666713110132107,0.016556332157615216,0.043509061391148844,0.07642430219159219,0.13544476084315799,0.23122402899328826,0.36661598229270714,0.5291241339105127,0.6919519584269154,0.9174775928531282,0.9893987035799181,0.9994101304153423,0.9999869431760813,0.9999998941416819,0.9999999997126122,0.9999999999997647
clip     | alpha=0.0449013671875,557,0.04355170746219571,0.005666716928695551,0.01655835719930679,0.04355170746219571,0.07656430832586343,0.13581286513050742,0.2319993027959969,0.36792357505954126,0.5308887954986018,0.6938548823476772,0.9185970772552426,0.9896589491507609,0.9994332599455967,0.9999876947534749,0.9999999025665703,0.9999999997428641,0.9999999999997964
clip     | alpha=0.0449013671875,558,0.04355170746219571,0.005666716928695551,0.01655835719930679,0.04355170746219571,0.07656430832586343,0.13581286513050742,0.2319993027959969,0.36792357505954126,0.5308887954986018,0.6938548823476772,0.9185970772552426,0.9896589491507609,0.9994332599455967,0.9999876947534749,0.9999999025665703,0.9999999997428641,0.9999999999997964
clip     | alpha=0.0449013671875,559,0.04359641835056594,0.005666720892109908,0.0165604768915677,0.04359641835056594,0.07671103449705555,0.13619817463418263,0.23280918732115521,0.3692857044549721,0.532720396616503,0.6958212122933481,0.9197407179353629,0.9899208813280032,0.9994561125847977,0.9999884209437818,0.9999999104948922,0.9999999997704703,0.9999999999998243
clip     | alpha=0.0449013671875,560,0.04359641835056594,0.005666720892109908,0.0165604768915677,0.04359641835056594,0.07671103449705555,0.13619817463418263,0.23280918732115521,0.3692857044549721,0.532720396616503,0.6958212122933481,0.9197407179353629,0.9899208813280032,0.9994561125847977,0.9999884209437818,0.9999999104948922,0.9999999997704703,0.9999999999998243
clip     | alpha=0.0449013671875,561,0.043642965966234105,0.005666724977079363,0.016562680130145443,0.043642965966234105,0.0768637270910208,0.1365986708658876,0.23364930661837463,0.3706947144988655,0.5346081716377817,0.697838840909099,0.9209008595655643,0.9901826660075599,0.99947853362623,0.9999891176939056,0.9999999179036988,0.9999999997954858,0.9999999999998487
clip     | alpha=0.0449013671875,562,0.043642965966234105,0.005666724977079363,0.016562680130145443,0.043642965966234105,0.0768637270910208,0.1365986708658876,0.23364930661837463,0.3706947144988655,0.5346081716377817,0.697838840909099,0.9209008595655643,0.9901826660075599,0.99947853362623,0.9999891176939056,0.9999999179036988,0.9999999997954858,0.9999999999998487
clip     | alpha=0.0449013671875,563,0.04369118938369299,0.005666729166795049,0.016564959037364716,0.04369118938369299,0.07702185362988925,0.13701292185211483,0.23451653847720821,0.3721451092396532,0.5365443527288366,0.6998990081078011,0.9220719996102695,0.9904430270515614,0.9995004239206725,0.9999897829365254,0.9999999247932614,0.9999999998180432,0.9999999999998699
clip     | alpha=0.0449013671875,564,0.04369118938369299,0.005666729166795049,0.016564959037364716,0.04369118938369299,0.07702185362988925,0.13701292185211483,0.23451653847720821,0.3721451092396532,0.5365443527288366,0.6998990081078011,0.9220719996102695,0.9904430270515614,0.9995004239206725,0.9999897829365254,0.9999999247932614,0.9999999998180432,0.9999999999998699
clip     | alpha=0.0449013671875,565,0.04369118938369299,0.005666729166795049,0.016564959037364716,0.04369118938369299,0.07702185362988925,0.13701292185211483,0.23451653847720821,0.3721451092396532,0.5365443527288366,0.6998990081078011,0.9220719996102695,0.9904430270515614,0.9995004239206725,0.9999897829365254,0.9999999247932614,0.9999999998180432,0.9999999999998699
clip     | alpha=0.0449013671875,566,0.04371607920566238,0.005666731093548132,0.016566086406797836,0.04371607920566238,0.07710506736002404,0.13723492813661495,0.23498929618015238,0.3729484232852609,0.5376326252416267,0.7010727834759547,0.9227552311422916,0.9905978346556541,0.9995136269130237,0.999990187975026,0.9999999290064628,0.9999999998318252,0.9999999999998828
clip     | alpha=0.0449013671875,567,0.04371607920566238,0.005666731093548132,0.016566086406797836,0.04371607920566238,0.07710506736002404,0.13723492813661495,0.23498929618015238,0.3729484232852609,0.5376326252416267,0.7010727834759547,0.9227552311422916,0.9905978346556541,0.9995136269130237,0.999990187975026,0.9999999290064628,0.9999999998318252,0.9999999999998828
clip     | alpha=0.0449013671875,568,0.04374792338156718,0.005666733533995699,0.01656752646170627,0.04374792338156718,0.07721148888100965,0.13751850974731486,0.23559196754458897,0.3739696100263405,0.5390110436955052,0.7025528931950059,0.9236069836104774,0.9907879738924434,0.9995295459163384,0.999990665555978,0.9999999338448798,0.9999999998471727,0.9999999999998966
clip     | alpha=0.0449013671875,569,0.04374792338156718,0.005666733533995699,0.01656752646170627,0.04374792338156718,0.07721148888100965,0.13751850974731486,0.23559196754458897,0.3739696100263405,0.5390110436955052,0.7025528931950059,0.9236069836104774,0.9907879738924434,0.9995295459163384,0.999990665555978,0.9999999338448798,0.9999999998471727,0.9999999999998966
clip     | alpha=0.0449013671875,570,0.04378375680883015,0.005666736252706481,0.01656914432550672,0.04378375680883015,0.07733119436384941,0.13783710622564188,0.23626769662470498,0.3751113707094838,0.5405466313325387,0.7041944387478909,0.9245409021777141,0.9909933743057067,0.9995464273561349,0.9999911608325632,0.9999999387319038,0.9999999998622047,0.9999999999999097
clip     | alpha=0.0449013671875,571,0.04378375680883015,0.005666736252706481,0.01656914432550672,0.04378375680883015,0.07733119436384941,0.13783710622564188,0.23626769662470498,0.3751113707094838,0.5405466313325387,0.7041944387478909,0.9245409021777141,0.9909933743057067,0.9995464273561349,0.9999911608325632,0.9999999387319038,0.9999999998622047,0.9999999999999097
clip     | alpha=0.0449013671875,572,0.043822464926532426,0.005666739160154167,0.016570889184094075,0.043822464926532426,0.0774604513410236,0.13818071104636653,0.23699500741900775,0.37633683418481534,0.5421888217235009,0.7059421405689057,0.9255239168272179,0.9912063775660918,0.9995636127095093,0.9999916538973275,0.9999999434704053,0.9999999998763381,0.9999999999999216
clip     | alpha=0.0449013671875,573,0.043822464926532426,0.005666739160154167,0.016570889184094075,0.043822464926532426,0.0774604513410236,0.13818071104636653,0.23699500741900775,0.37633683418481534,0.5421888217235009,0.7059421405689057,0.9255239168272179,0.9912063775660918,0.9995636127095093,0.9999916538973275,0.9999999434704053,0.9999999998763381,0.9999999999999216
clip     | alpha=0.0449013671875,574,0.04386348428241558,0.005666742210393291,0.01657273526865829,0.04386348428241558,0.07759737138380828,0.13854424970808155,0.23776297084168546,0.3776271580744223,0.5439116638587594,0.7077675269964887,0.9265389589116263,0.9914230702594653,0.9995807752086185,0.9999921354382687,0.999999947977645,0.9999999998893744,0.9999999999999322
clip     | alpha=0.0449013671875,575,0.04386348428241558,0.005666742210393291,0.01657273526865829,0.04386348428241558,0.07759737138380828,0.13854424970808155,0.23776297084168546,0.3776271580744223,0.5439116638587594,0.7077675269964887,0.9265389589116263,0.9914230702594653,0.9995807752086185,0.9999921354382687,0.999999947977645,0.9999999998893744,0.9999999999999322
clip     | alpha=0.0449013671875,576,0.04390648034163831,0.0056667453756497075,0.016574667219089227,0.04390648034163831,0.07774083213136863,0.13892469743392052,0.23856504416173405,0.37897100603585493,0.5456994702900234,0.7096533256783275,0.9275756781075788,0.9916411198706734,0.9995977285622497,0.9999926006123401,0.9999999522183036,0.999999999901268,0.9999999999999415
clip     | alpha=0.0449013671875,577,0.04390648034163831,0.0056667453756497075,0.016574667219089227,0.04390648034163831,0.07774083213136863,0.13892469743392052,0.23856504416173405,0.37897100603585493,0.5456994702900234,0.7096533256783275,0.9275756781075788,0.9916411198706734,0.9995977285622497,0.9999926006123401,0.9999999522183036,0.999999999901268,0.9999999999999415
clip     | alpha=0.0449013671875,578,0.043951233137754335,0.00566674863728663,0.016576674887908382,0.043951233137754335,0.0778900946822722,0.13932005594015023,0.2393968832261332,0.38036080902721425,0.5475417145509638,0.7115879094710603,0.9286271312849967,0.9918590002246216,0.9996143581859106,0.9999930468328085,0.9999999561802416,0.9999999999120431,0.9999999999999496
clip     | alpha=0.0449013671875,579,0.043951233137754335,0.00566674863728663,0.016576674887908382,0.043951233137754335,0.0778900946822722,0.13932005594015023,0.2393968832261332,0.38036080902721425,0.5475417145509638,0.7115879094710603,0.9286271312849967,0.9918590002246216,0.9996143581859106,0.9999930468328085,0.9999999561802416,0.9999999999120431,0.9999999999999496
clip     | alpha=0.0449013671875,580,0.0439975874446903,0.005666751981859994,0.016578751075368787,0.0439975874446903,0.07804463685871767,0.1397289074226097,0.24025538846117947,0.38179113406897525,0.5494308031376133,0.7135628688032835,0.9296883310138103,0.9920756504885516,0.9996305907682946,0.9999934727859948,0.9999999598637396,0.9999999999217574,0.9999999999999567
clip     | alpha=0.0449013671875,581,0.0439975874446903,0.005666751981859994,0.016578751075368787,0.0439975874446903,0.07804463685871767,0.1397289074226097,0.24025538846117947,0.38179113406897525,0.5494308031376133,0.7135628688032835,0.9296883310138103,0.9920756504885516,0.9996305907682946,0.9999934727859948,0.9999999598637396,0.9999999999217574,0.9999999999999567
clip     | alpha=0.0449013671875,582,0.0439975874446903,0.005666751981859994,0.016578751075368787,0.0439975874446903,0.07804463685871767,0.1397289074226097,0.24025538846117947,0.38179113406897525,0.5494308031376133,0.7135628688032835,0.9296883310138103,0.9920756504885516,0.9996305907682946,0.9999934727859948,0.9999999598637396,0.9999999999217574,0.9999999999999567
clip     | alpha=0.0449013671875,583,0.0440215076743447,0.0056667535196381355,0.016579777950465956,0.0440215076743447,0.07812594774525286,0.13994797532066852,0.240723293567459,0.3825831708195187,0.5504923898078663,0.7146878677801638,0.9303072982308132,0.9922044419152999,0.9996403793513718,0.9999937320782588,0.9999999621158644,0.9999999999276913,0.999999999999961
clip     | alpha=0.0449013671875,584,0.0440215076743447,0.0056667535196381355,0.016579777950465956,0.0440215076743447,0.07812594774525286,0.13994797532066852,0.240723293567459,0.3825831708195187,0.5504923898078663,0.7146878677801638,0.9303072982308132,0.9922044419152999,0.9996403793513718,0.9999937320782588,0.9999999621158644,0.9999999999276913,0.999999999999961
clip     | alpha=0.0449013671875,585,0.04405210644803659,0.00566675546709369,0.01658108942804671,0.04405210644803659,0.07822991908024185,0.14022775875076499,0.24131968333050055,0.38358986044467813,0.5518367923591485,0.7161062441880982,0.9310788118548391,0.9923626019909499,0.9996521796713878,0.9999940377608475,0.9999999647017779,0.9999999999342982,0.9999999999999657
clip     | alpha=0.0449013671875,586,0.04405210644803659,0.00566675546709369,0.01658108942804671,0.04405210644803659,0.07822991908024185,0.14022775875076499,0.24131968333050055,0.38358986044467813,0.5518367923591485,0.7161062441880982,0.9310788118548391,0.9923626019909499,0.9996521796713878,0.9999940377608475,0.9999999647017779,0.9999999999342982,0.9999999999999657
clip     | alpha=0.0449013671875,587,0.04408653280358745,0.005666757636244651,0.01658256259670753,0.04408653280358745,0.07834684933502258,0.14054203646857244,0.24198825955324893,0.38471522751723014,0.5533342396716769,0.7176790649086131,0.9319246122876905,0.9925334284446824,0.999664691364713,0.9999943547177375,0.9999999673132408,0.9999999999407683,0.99999999999997
clip     | alpha=0.0449013671875,588,0.04408653280358745,0.005666757636244651,0.01658256259670753,0.04408653280358745,0.07834684933502258,0.14054203646857244,0.24198825955324893,0.38471522751723014,0.5533342396716769,0.7176790649086131,0.9319246122876905,0.9925334284446824,0.999664691364713,0.9999943547177375,0.9999999673132408,0.9999999999407683,0.99999999999997
clip     | alpha=0.0449013671875,589,0.044123714835395476,0.005666759955598656,0.016584151140208104,0.044123714835395476,0.07847308881931464,0.1408809276215518,0.2427077527875285,0.38592289634079957,0.5549353778516327,0.7193533213754211,0.9328147295973823,0.992710548780347,0.9996774262030617,0.9999946702071076,0.9999999698449206,0.9999999999468506,0.999999999999974
clip     | alpha=0.0449013671875,590,0.044123714835395476,0.005666759955598656,0.016584151140208104,0.044123714835395476,0.07847308881931464,0.1408809276215518,0.2427077527875285,0.38592289634079957,0.5549353778516327,0.7193533213754211,0.9328147295973823,0.992710548780347,0.9996774262030617,0.9999946702071076,0.9999999698449206,0.9999999999468506,0.999999999999974
clip     | alpha=0.0449013671875,591,0.04416311051732337,0.005666762388462137,0.01658583156541974,0.04416311051732337,0.07860679052984383,0.14123942031455095,0.24346733701404383,0.3871942750727587,0.5566148759349533,0.7211017108535538,0.9337336968302712,0.9928907074490589,0.9996901420185745,0.99999497827235,0.9999999722526469,0.9999999999524598,0.9999999999999776
clip     | alpha=0.0449013671875,592,0.04416311051732337,0.005666762388462137,0.01658583156541974,0.04416311051732337,0.07860679052984383,0.14123942031455095,0.24346733701404383,0.3871942750727587,0.5566148759349533,0.7211017108535538,0.9337336968302712,0.9928907074490589,0.9996901420185745,0.99999497827235,0.9999999722526469,0.9999999999524598,0.9999999999999776
clip     | alpha=0.0449013671875,593,0.044204397952364284,0.0056667649126531435,0.016587589865686724,0.044204397952364284,0.07874685645428087,0.14161452644450326,0.24426053013210355,0.3885181769743948,0.5583574208783794,0.7229076709912656,0.9346721369852612,0.9930719648206487,0.9997027008368644,0.9999952758185776,0.9999999745176001,0.9999999999575765,0.9999999999999807
clip     | alpha=0.0449013671875,594,0.044204397952364284,0.0056667649126531435,0.016587589865686724,0.044204397952364284,0.07874685645428087,0.14161452644450326,0.24426053013210355,0.3885181769743948,0.5583574208783794,0.7229076709912656,0.9346721369852612,0.9930719648206487,0.9997027008368644,0.9999952758185776,0.9999999745176001,0.9999999999575765,0.9999999999999807
clip     | alpha=0.0449013671875,595,0.04424736543111056,0.005666767513287987,0.01658941678590372,0.04424736543111056,0.07889256355169469,0.14200427157802664,0.24508302770256013,0.3898871325540535,0.5601527379068998,0.7247600541432528,0.9356237619468373,0.9932530524896581,0.9997150178675006,0.999995561195521,0.9999999766333487,0.9999999999622113,0.9999999999999833
clip     | alpha=0.0449013671875,596,0.04424736543111056,0.005666767513287987,0.01658941678590372,0.04424736543111056,0.07889256355169469,0.14200427157802664,0.24508302770256013,0.3898871325540535,0.5601527379068998,0.7247600541432528,0.9356237619468373,0.9932530524896581,0.9997150178675006,0.999995561195521,0.9999999766333487,0.9999999999622113,0.9999999999999833
clip     | alpha=0.0449013671875,597,0.04429186352041278,0.005666770179631278,0.01659130575845221,0.04429186352041278,0.07904340074640154,0.1424072546154272,0.24593175825301086,0.3912957803870569,0.5619934159730556,0.7266507993564302,0.9365840567818567,0.9934330894218251,0.99972703892824,0.9999958335677599,0.9999999786000953,0.9999999999663892,0.9999999999999857
clip     | alpha=0.0449013671875,598,0.04429186352041278,0.005666770179631278,0.01659130575845221,0.04429186352041278,0.07904340074640154,0.1424072546154272,0.24593175825301086,0.3912957803870569,0.5619934159730556,0.7266507993564302,0.9365840567818567,0.9934330894218251,0.99972703892824,0.9999958335677599,0.9999999786000953,0.9999999999663892,0.9999999999999857
clip     | alpha=0.0449013671875,599,0.04429186352041278,0.005666770179631278,0.01659130575845221,0.04429186352041278,0.07904340074640154,0.1424072546154272,0.24593175825301086,0.3912957803870569,0.5619934159730556,0.7266507993564302,0.9365840567818567,0.9934330894218251,0.99972703892824,0.9999958335677599,0.9999999786000953,0.9999999999663892,0.9999999999999857
clip     | alpha=0.0449013671875,600,0.04431482233280241,0.005666771405381059,0.016592239893158438,0.04431482233280241,0.0791227500138786,0.14262314471841162,0.246394264363771,0.3920756927877727,0.5630276379755053,0.7277276606894121,0.9371440824249481,0.9935400988735591,0.9997342867550988,0.9999959993443996,0.9999999798023963,0.9999999999689408,0.9999999999999871
clip     | alpha=0.0449013671875,601,0.04431482233280241,0.005666771405381059,0.016592239893158438,0.04431482233280241,0.0791227500138786,0.14262314471841162,0.246394264363771,0.3920756927877727,0.5630276379755053,0.7277276606894121,0.9371440824249481,0.9935400988735591,0.9997342867550988,0.9999959993443996,0.9999999798023963,0.9999999999689408,0.9999999999999871
clip     | alpha=0.0449013671875,602,0.044344187675360025,0.00566677295749168,0.016593432781330592,0.044344187675360025,0.07922420066098804,0.1428988359528969,0.24698370062059677,0.39306685117606305,0.5643372257729266,0.729085180356081,0.9378420429183009,0.9936714939295226,0.9997430230792517,0.999996194756499,0.9999999811827225,0.9999999999717816,0.9999999999999887
clip     | alpha=0.0449013671875,603,0.044344187675360025,0.00566677295749168,0.016593432781330592,0.044344187675360025,0.07922420066098804,0.1428988359528969,0.24698370062059677,0.39306685117606305,0.5643372257729266,0.729085180356081,0.9378420429183009,0.9936714939295226,0.9997430230792517,0.999996194756499,0.9999999811827225,0.9999999999717816,0.9999999999999887
clip     | alpha=0.0449013671875,604,0.04437722215907116,0.005666774686074999,0.01659477257140807,0.04437722215907116,0.07933828171401672,0.14320847803757253,0.2476443986589753,0.3941747168232369,0.565795711779366,0.7305903286030815,0.9386071118539739,0.9938133940321465,0.9997522849020897,0.9999963973504009,0.9999999825765115,0.999999999974563,0.9999999999999901
clip     | alpha=0.0449013671875,605,0.04437722215907116,0.005666774686074999,0.01659477257140807,0.04437722215907116,0.07933828171401672,0.14320847803757253,0.2476443986589753,0.3941747168232369,0.565795711779366,0.7305903286030815,0.9386071118539739,0.9938133940321465,0.9997522849020897,0.9999963973504009,0.9999999825765115,0.999999999974563,0.9999999999999901
clip     | alpha=0.0449013671875,606,0.04441289638482779,0.005666776534120011,0.016596217107382957,0.04441289638482779,0.07946142955475721,0.14354232819676674,0.24835532362986093,0.3953634536339517,0.5673549931629188,0.7321923451760379,0.9394121656023454,0.9939605036188001,0.9997617107142227,0.999996598980734,0.9999999839275474,0.9999999999771775,0.9999999999999915
clip     | alpha=0.0449013671875,607,0.04441289638482779,0.005666776534120011,0.016596217107382957,0.04441289638482779,0.07946142955475721,0.14354232819676674,0.24835532362986093,0.3953634536339517,0.5673549931629188,0.7321923451760379,0.9394121656023454,0.9939605036188001,0.9997617107142227,0.999996598980734,0.9999999839275474,0.9999999999771775,0.9999999999999915
clip     | alpha=0.0449013671875,608,0.04445068970981136,0.005666778472363284,0.016597745002278647,0.04445068970981136,0.07959184036538902,0.14389544363523712,0.2491057671870605,0.3966147432480702,0.5689903790066579,0.7338650844164947,0.9402432070747069,0.9941101177978532,0.9997711212554709,0.999996795841368,0.9999999852122727,0.9999999999795882,0.9999999999999927
clip     | alpha=0.0449013671875,609,0.04445068970981136,0.005666778472363284,0.016597745002278647,0.04445068970981136,0.07959184036538902,0.14389544363523712,0.2491057671870605,0.3966147432480702,0.5689903790066579,0.7338650844164947,0.9402432070747069,0.9941101177978532,0.9997711212554709,0.999996795841368,0.9999999852122727,0.9999999999795882,0.9999999999999927
clip     | alpha=0.0449013671875,610,0.04449029286709672,0.005666780483113798,0.016599343502721697,0.04449029286709672,0.07972844157672646,0.1442648768903874,0.24988931672865836,0.39791756239125853,0.57068694257686,0.735592686218934,0.9410917516889035,0.9942606254897016,0.9997804144405976,0.9999969859562237,0.9999999864206647,0.999999999981787,0.9999999999999937
clip     | alpha=0.0449013671875,611,0.04449029286709672,0.005666780483113798,0.016599343502721697,0.04449029286709672,0.07972844157672646,0.1442648768903874,0.24988931672865836,0.39791756239125853,0.57068694257686,0.735592686218934,0.9410917516889035,0.9942606254897016,0.9997804144405976,0.9999969859562237,0.9999999864206647,0.999999999981787,0.9999999999999937
clip     | alpha=0.0449013671875,612,0.044531502409022636,0.005666782554501338,0.016601004180253006,0.044531502409022636,0.07987052675432621,0.1446486800409057,0.2507017134391027,0.39926455027927105,0.572434668421083,0.7373644765190612,0.941952111138453,0.9944109735761686,0.9997895275764102,0.9999971682729427,0.9999999875493131,0.9999999999837785,0.9999999999999946
clip     | alpha=0.0449013671875,613,0.044531502409022636,0.005666782554501338,0.016601004180253006,0.044531502409022636,0.07987052675432621,0.1446486800409057,0.2507017134391027,0.39926455027927105,0.572434668421083,0.7373644765190612,0.941952111138453,0.9944109735761686,0.9997895275764102,0.9999971682729427,0.9999999875493131,0.9999999999837785,0.9999999999999946
clip     | alpha=0.0449013671875,614,0.04457417470397036,0.005666784677964675,0.016602721052954045,0.04457417470397036,0.08001759646397963,0.14504547059131256,0.2515399181323116,0.40065042344763796,0.574226333034052,0.7391727379854806,0.9428202024738149,0.9945604309515016,0.9997984206386771,0.9999973422600934,0.9999999885983474,0.9999999999855734,0.9999999999999953
clip     | alpha=0.0449013671875,615,0.04457417470397036,0.005666784677964675,0.016602721052954045,0.04457417470397036,0.08001759646397963,0.14504547059131256,0.2515399181323116,0.40065042344763796,0.574226333034052,0.7391727379854806,0.9428202024738149,0.9945604309515016,0.9997984206386771,0.9999973422600934,0.9999999885983474,0.9999999999855734,0.9999999999999953
clip     | alpha=0.0449013671875,616,0.04461820296917808,0.005666786846994558,0.016604489647336396,0.04461820296917808,0.08016927881663724,0.14545421466301672,0.25240164449742253,0.40207118319094276,0.5760564442570675,0.7410115930328282,0.9436929492844023,0.9947084692749105,0.9998070677725812,0.9999975077018816,0.9999999895698817,0.9999999999871854,0.999999999999996
clip     | alpha=0.0449013671875,617,0.04461820296917808,0.005666786846994558,0.016604489647336396,0.04461820296917808,0.08016927881663724,0.14545421466301672,0.25240164449742253,0.40207118319094276,0.5760564442570675,0.7410115930328282,0.9436929492844023,0.9947084692749105,0.9998070677725812,0.9999975077018816,0.9999999895698817,0.9999999999871854,0.999999999999996
clip     | alpha=0.0449013671875,618,0.04461820296917808,0.005666786846994558,0.016604489647336396,0.04461820296917808,0.08016927881663724,0.14545421466301672,0.25240164449742253,0.40207118319094276,0.5760564442570675,0.7410115930328282,0.9436929492844023,0.9947084692749105,0.9998070677725812,0.9999975077018816,0.9999999895698817,0.9999999999871854,0.999999999999996
clip     | alpha=0.0449013671875,619,0.04464085379902294,0.005666787841244979,0.01660536172786605,0.04464085379902294,0.08024884234222439,0.14567255899488304,0.2528698769476709,0.4028555307063509,0.5770817606662122,0.7420558773537267,0.944200449321935,0.9947962055477045,0.9998122663161803,0.999997608105692,0.9999999901620804,0.999999999988167,0.9999999999999964
clip     | alpha=0.0449013671875,620,0.04464085379902294,0.005666787841244979,0.01660536172786605,0.04464085379902294,0.08024884234222439,0.14567255899488304,0.2528698769476709,0.4028555307063509,0.5770817606662122,0.7420558773537267,0.944200449321935,0.9947962055477045,0.9998122663161803,0.999997608105692,0.9999999901620804,0.999999999988167,0.9999999999999964
clip     | alpha=0.0449013671875,621,0.04466977110321375,0.005666789097866993,0.016606473292827627,0.04466977110321375,0.08035037691656803,0.14595086346403285,0.25346549645545663,0.4038504636102785,0.5783776466373293,0.7433698706155565,0.944831765676183,0.9949037341745176,0.9998185207881999,0.999997726237363,0.9999999908406962,0.9999999999892578,0.9999999999999969
clip     | alpha=0.0449013671875,622,0.04466977110321375,0.005666789097866993,0.016606473292827627,0.04466977110321375,0.08035037691656803,0.14595086346403285,0.25346549645545663,0.4038504636102785,0.5783776466373293,0.7433698706155565,0.944831765676183,0.9949037341745176,0.9998185207881999,0.999997726237363,0.9999999908406962,0.9999999999892578,0.9999999999999969
clip     | alpha=0.0449013671875,623,0.04470224754439796,0.005666790495040968,0.01660771967161801,0.04470224754439796,0.08046436273687248,0.146262921507969,0.2541320165715335,0.40496070140053747,0.5798184762043693,0.7448243395912401,0.9455226334645249,0.9950196668775532,0.9998251404615637,0.9999978485072307,0.9999999915247929,0.9999999999903241,0.9999999999999973
clip     | alpha=0.0449013671875,624,0.04470224754439796,0.005666790495040968,0.01660771967161801,0.04470224754439796,0.08046436273687248,0.146262921507969,0.2541320165715335,0.40496070140053747,0.5798184762043693,0.7448243395912401,0.9455226334645249,0.9950196668775532,0.9998251404615637,0.9999978485072307,0.9999999915247929,0.9999999999903241,0.9999999999999973
clip     | alpha=0.0449013671875,625,0.04473726763590913,0.005666791986579668,0.01660906152006042,0.04473726763590913,0.08058722709623568,0.14659888245613892,0.2548481530959599,0.4061502342304808,0.5813566189821912,0.7463701420754592,0.946248540596867,0.9951396792549118,0.9998318674500128,0.9999979700168758,0.9999999921869318,0.9999999999913248,0.9999999999999977
clip     | alpha=0.0449013671875,626,0.04473726763590913,0.005666791986579668,0.01660906152006042,0.04473726763590913,0.08058722709623568,0.14659888245613892,0.2548481530959599,0.4061502342304808,0.5813566189821912,0.7463701420754592,0.946248540596867,0.9951396792549118,0.9998318674500128,0.9999979700168758,0.9999999921869318,0.9999999999913248,0.9999999999999977
clip     | alpha=0.0449013671875,627,0.0447743196146995,0.005666793548877574,0.016610478951850628,0.0447743196146995,0.0807171681241942,0.14695376733967325,0.2556031126286753,0.40740072976623215,0.5829677318836698,0.7479820819030009,0.946996903875523,0.9952615758015467,0.9998385747864293,0.9999980884975042,0.9999999928157515,0.9999999999922464,0.999999999999998
clip     | alpha=0.0449013671875,628,0.0447743196146995,0.005666793548877574,0.016610478951850628,0.0447743196146995,0.0807171681241942,0.14695376733967325,0.2556031126286753,0.40740072976623215,0.5829677318836698,0.7479820819030009,0.946996903875523,0.9952615758015467,0.9998385747864293,0.9999980884975042,0.9999999928157515,0.9999999999922464,0.999999999999998
clip     | alpha=0.0449013671875,629,0.0448131007191639,0.005666795167732056,0.016611960158004965,0.0448131007191639,0.08085311878165674,0.147324619522617,0.25639045959541795,0.40870120622525274,0.5846371685069817,0.7496449518612365,0.9477601392852163,0.9953840575568728,0.9998451907656668,0.9999982027849643,0.9999999934065205,0.9999999999930861,0.9999999999999983
clip     | alpha=0.0449013671875,630,0.0448131007191639,0.005666795167732056,0.016611960158004965,0.0448131007191639,0.08085311878165674,0.147324619522617,0.25639045959541795,0.40870120622525274,0.5846371685069817,0.7496449518612365,0.9477601392852163,0.9953840575568728,0.9998451907656668,0.9999982027849643,0.9999999934065205,0.9999999999930861,0.9999999999999983
clip     | alpha=0.0449013671875,631,0.04485341260212726,0.005666796833658868,0.016613497367262593,0.04485341260212726,0.0809943791943573,0.14770949330076233,0.2572059386085113,0.4100443638722883,0.5863551482642916,0.7513485685791338,0.9485331912659802,0.995506281290412,0.9998516717701542,0.9999983122697969,0.9999999939577259,0.9999999999938457,0.9999999999999986
clip     | alpha=0.0449013671875,632,0.04485341260212726,0.005666796833658868,0.016613497367262593,0.04485341260212726,0.0809943791943573,0.14770949330076233,0.2572059386085113,0.4100443638722883,0.5863551482642916,0.7513485685791338,0.9485331912659802,0.995506281290412,0.9998516717701542,0.9999983122697969,0.9999999939577259,0.9999999999938457,0.9999999999999986
clip     | alpha=0.0449013671875,633,0.044895115787386655,0.005666798539848329,0.01661508508649852,0.044895115787386655,0.08114045653741662,0.14810701335077064,0.2580465255721243,0.4114249856344494,0.5881146487042623,0.7530856042257524,0.9493124507838323,0.9956276657032218,0.9998579902665554,0.9999984166534681,0.9999999944695638,0.9999999999945297,0.9999999999999988
clip     | alpha=0.0449013671875,634,0.044895115787386655,0.005666798539848329,0.01661508508649852,0.044895115787386655,0.08114045653741662,0.14810701335077064,0.2580465255721243,0.4114249856344494,0.5881146487042623,0.7530856042257524,0.9493124507838323,0.9956276657032218,0.9998579902665554,0.9999984166534681,0.9999999944695638,0.9999999999945297,0.9999999999999988
clip     | alpha=0.0449013671875,635,0.044895115787386655,0.005666798539848329,0.01661508508649852,0.044895115787386655,0.08114045653741662,0.14810701335077064,0.2580465255721243,0.4114249856344494,0.5881146487042623,0.7530856042257524,0.9493124507838323,0.9956276657032218,0.9998579902665554,0.9999984166534681,0.9999999944695638,0.9999999999945297,0.9999999999999988
clip     | alpha=0.0449013671875,636,0.04491661137466534,0.005666799323431404,0.01661586947207558,0.04491661137466534,0.08121722615334268,0.1483197670095999,0.2585041427538149,0.4121886282221183,0.5891022856940391,0.7540739468737045,0.9497664524717865,0.9956997425018065,0.9998617961088895,0.9999984801229701,0.9999999947821496,0.999999999994947,0.9999999999999989
clip     | alpha=0.0449013671875,637,0.04491661137466534,0.005666799323431404,0.01661586947207558,0.04491661137466534,0.08121722615334268,0.1483197670095999,0.2585041427538149,0.4121886282221183,0.5891022856940391,0.7540739468737045,0.9497664524717865,0.9956997425018065,0.9998617961088895,0.9999984801229701,0.9999999947821496,0.999999999994947,0.9999999999999989
clip     | alpha=0.0449013671875,638,0.0449440850397102,0.005666800314919548,0.016616870396889433,0.0449440850397102,0.08131530670490685,0.14859125391933942,0.25908692099057207,0.41315839880847494,0.5903519685901768,0.7553189645429796,0.9503318605732393,0.9957881795025872,0.9998663802011976,0.9999985548839252,0.9999999951407572,0.9999999999954113,0.999999999999999
clip     | alpha=0.0449013671875,639,0.0449440850397102,0.005666800314919548,0.016616870396889433,0.0449440850397102,0.08131530670490685,0.14859125391933942,0.25908692099057207,0.41315839880847494,0.5903519685901768,0.7553189645429796,0.9503318605732393,0.9957881795025872,0.9998663802011976,0.9999985548839252,0.9999999951407572,0.9999999999954113,0.999999999999999
clip     | alpha=0.0449013671875,640,0.04497496921862913,0.005666801418342926,0.016617993773788708,0.04497496921862913,0.08142551863488086,0.1488959542511081,0.2597396854559748,0.41424157735832046,0.5917427359229038,0.7566983818495342,0.9509511857894609,0.995883618243093,0.9998712365301005,0.9999986323366619,0.9999999955026015,0.9999999999958656,0.9999999999999991
clip     | alpha=0.0449013671875,641,0.04497496921862913,0.005666801418342926,0.016617993773788708,0.04497496921862913,0.08142551863488086,0.1488959542511081,0.2597396854559748,0.41424157735832046,0.5917427359229038,0.7566983818495342,0.9509511857894609,0.995883618243093,0.9998712365301005,0.9999986323366619,0.9999999955026015,0.9999999999958656,0.9999999999999991
clip     | alpha=0.0449013671875,642,0.04500829809338405,0.005666802597202207,0.016619204134040014,0.04500829809338405,0.08154440702509502,0.149224247605165,0.26044158476533874,0.4154030158779242,0.5932285835235053,0.7581655536017827,0.951602425132918,0.9959824918833454,0.9998761754042682,0.9999987093673585,0.9999999958531025,0.9999999999962924,0.9999999999999992
clip     | alpha=0.0449013671875,643,0.04500829809338405,0.005666802597202207,0.016619204134040014,0.04500829809338405,0.08154440702509502,0.149224247605165,0.26044158476533874,0.4154030158779242,0.5932285835235053,0.7581655536017827,0.951602425132918,0.9959824918833454,0.9998761754042682,0.9999987093673585,0.9999999958531025,0.9999999999962924,0.9999999999999992
clip     | alpha=0.0449013671875,644,0.045043583153299926,0.0056668038327722485,0.01662048348421569,0.045043583153299926,0.08167022303326378,0.14957125351496117,0.261182005789277,0.4166247536927959,0.5947859100092814,0.7596964713557814,0.9522742376836033,0.9960829816794222,0.9998811029815778,0.9999987845255808,0.9999999961861776,0.9999999999966857,0.9999999999999993
clip     | alpha=0.0449013671875,645,0.045043583153299926,0.0056668038327722485,0.01662048348421569,0.045043583153299926,0.08167022303326378,0.14957125351496117,0.261182005789277,0.4166247536927959,0.5947859100092814,0.7596964713557814,0.9522742376836033,0.9960829816794222,0.9998811029815778,0.9999987845255808,0.9999999961861776,0.9999999999966857,0.9999999999999993
clip     | alpha=0.0449013671875,646,0.04508053426948368,0.005666805113743156,0.016621821097914703,0.04508053426948368,0.08180192699890602,0.14993406259366882,0.2619545959326867,0.4178959900394057,0.5964004602616728,0.7612765883969211,0.9529597607788516,0.9961840069216468,0.9998859659945339,0.9999988570619257,0.9999999964992623,0.999999999997044,0.9999999999999994
clip     | alpha=0.0449013671875,647,0.04508053426948368,0.005666805113743156,0.016621821097914703,0.04508053426948368,0.08180192699890602,0.14993406259366882,0.2619545959326867,0.4178959900394057,0.5964004602616728,0.7612765883969211,0.9529597607788516,0.9961840069216468,0.9998859659945339,0.9999988570619257,0.9999999964992623,0.999999999997044,0.9999999999999994
clip     | alpha=0.0449013671875,648,0.04511896065578945,0.005666806432535581,0.016623209890096614,0.04511896065578945,0.0819388344491067,0.15031075312278686,0.26275513930218297,0.4192095196491253,0.5980626811831182,0.762896129350131,0.9536544032752986,0.9962848632412894,0.9998907318699666,0.9999989265803815,0.999999996791507,0.9999999999973684,0.9999999999999996
clip     | alpha=0.0449013671875,649,0.04511896065578945,0.005666806432535581,0.016623209890096614,0.04511896065578945,0.0819388344491067,0.15031075312278686,0.26275513930218297,0.4192095196491253,0.5980626811831182,0.762896129350131,0.9536544032752986,0.9962848632412894,0.9998907318699666,0.9999989265803815,0.999999996791507,0.9999999999973684,0.9999999999999996
clip     | alpha=0.0449013671875,650,0.045158727692294516,0.0056668077836910455,0.01662464483596736,0.045158727692294516,0.08208046176126696,0.15069996219693466,0.26358063015868977,0.420560176834935,0.5997656928465427,0.7645480390859581,0.9543548777393305,0.9963850633130984,0.9998953799291344,0.9999989928838527,0.9999999970629778,0.9999999999976606,0.9999999999999997
clip     | alpha=0.0449013671875,651,0.045158727692294516,0.0056668077836910455,0.01662464483596736,0.045158727692294516,0.08208046176126696,0.15069996219693466,0.26358063015868977,0.420560176834935,0.5997656928465427,0.7645480390859581,0.9543548777393305,0.9963850633130984,0.9998953799291344,0.9999989928838527,0.9999999970629778,0.9999999999976606,0.9999999999999997
clip     | alpha=0.0449013671875,652,0.04519973536313762,0.005666809163066176,0.01662612218110161,0.04519973536313762,0.08222644908109758,0.15110067148055473,0.2644288098332538,0.42194405733949913,0.6015042728966178,0.7662269547557893,0.955058713709087,0.9964842563394675,0.9998998969157133,0.9999990558954672,0.999999997314252,0.999999999997923,0.9999999999999998
clip     | alpha=0.0449013671875,653,0.04519973536313762,0.005666809163066176,0.01662612218110161,0.04519973536313762,0.08222644908109758,0.15110067148055473,0.2644288098332538,0.42194405733949913,0.6015042728966178,0.7662269547557893,0.955058713709087,0.9964842563394675,0.9998998969157133,0.9999990558954672,0.999999997314252,0.999999999997923,0.9999999999999998
clip     | alpha=0.0449013671875,654,0.04519973536313762,0.005666809163066176,0.01662612218110161,0.04519973536313762,0.08222644908109758,0.15110067148055473,0.2644288098332538,0.42194405733949913,0.6015042728966178,0.7662269547557893,0.955058713709087,0.9964842563394675,0.9998998969157133,0.9999990558954672,0.999999997314252,0.999999999997923,0.9999999999999998
clip     | alpha=0.0449013671875,655,0.04522082087413399,0.005666809795010945,0.016626850257241768,0.04522082087413399,0.08230298416844126,0.15131460869824448,0.2648894337380495,0.42270763454815913,0.602477785546401,0.7671798971047235,0.9554677725183474,0.9965430123969872,0.9999026110091216,0.9999990941155894,0.9999999974673339,0.9999999999980826,0.9999999999999998
clip     | alpha=0.0449013671875,656,0.04522082087413399,0.005666809795010945,0.016626850257241768,0.04522082087413399,0.08230298416844126,0.15131460869824448,0.2648894337380495,0.42270763454815913,0.602477785546401,0.7671798971047235,0.9554677725183474,0.9965430123969872,0.9999026110091216,0.9999990941155894,0.9999999974673339,0.9999999999980826,0.9999999999999998
clip     | alpha=0.0449013671875,657,0.04524772864488088,0.005666810593387741,0.016627777887614097,0.04524772864488088,0.0824006135229899,0.15158718274641633,0.2654751317905255,0.4236758190543176,0.603707687190807,0.7683784602262498,0.9559764196661678,0.996614993329532,0.9999058750354722,0.9999991390654268,0.9999999976426817,0.99999999999826,0.9999999999999998
clip     | alpha=0.0449013671875,658,0.04524772864488088,0.005666810593387741,0.016627777887614097,0.04524772864488088,0.0824006135229899,0.15158718274641633,0.2654751317905255,0.4236758190543176,0.603707687190807,0.7683784602262498,0.9559764196661678,0.996614993329532,0.9999058750354722,0.9999991390654268,0.9999999976426817,0.99999999999826,0.9999999999999998
clip     | alpha=0.0449013671875,659,0.045277935551615314,0.005666811480690101,0.016628817587671506,0.045277935551615314,0.08251016927931028,0.15189268724690128,0.2661302746842382,0.4247557556218797,0.6050745789102445,0.7697046025673298,0.9565328136490706,0.9966925675174136,0.9999093282015776,0.9999991855703709,0.9999999978193714,0.9999999999984333,0.9999999999999998
clip     | alpha=0.0449013671875,660,0.045277935551615314,0.005666811480690101,0.016628817587671506,0.045277935551615314,0.08251016927931028,0.15189268724690128,0.2661302746842382,0.4247557556218797,0.6050745789102445,0.7697046025673298,0.9565328136490706,0.9966925675174136,0.9999093282015776,0.9999991855703709,0.9999999978193714,0.9999999999984333,0.9999999999999998
clip     | alpha=0.0449013671875,661,0.04531049481080473,0.00566681242752682,0.016629936460946543,0.04531049481080473,0.08262820941746042,0.15222145593221514,0.2668338944221722,0.4259123420455417,0.6065331834719965,0.7711134342071816,0.9571171837136024,0.996772838158409,0.9999128358899828,0.9999992317669539,0.9999999979903189,0.9999999999985958,0.9999999999999998
clip     | alpha=0.0449013671875,662,0.04531049481080473,0.00566681242752682,0.016629936460946543,0.04531049481080473,0.08262820941746042,0.15222145593221514,0.2668338944221722,0.4259123420455417,0.6065331834719965,0.7711134342071816,0.9571171837136024,0.996772838158409,0.9999128358899828,0.9999992317669539,0.9999999979903189,0.9999999999985958,0.9999999999999998
clip     | alpha=0.0449013671875,663,0.04534492909848742,0.005666813418876509,0.01663111787480619,0.04534492909848742,0.08275299733724384,0.15256860148490162,0.2675753554368311,0.4271277057472263,0.6080603603870004,0.7725819424205785,0.9577193852013004,0.9968543357083162,0.9999163319016484,0.9999992767935284,0.9999999981525978,0.9999999999987454,0.9999999999999998
clip     | alpha=0.0449013671875,664,0.04534492909848742,0.005666813418876509,0.01663111787480619,0.04534492909848742,0.08275299733724384,0.15256860148490162,0.2675753554368311,0.4271277057472263,0.6080603603870004,0.7725819424205785,0.9577193852013004,0.9968543357083162,0.9999163319016484,0.9999992767935284,0.9999999981525978,0.9999999999987454,0.9999999999999998
clip     | alpha=0.0449013671875,665,0.04538095593376912,0.005666814445703035,0.016632351950061314,0.04538095593376912,0.08288350433617066,0.15293122101318807,0.2683483154907852,0.42839114060489975,0.6096421894683265,0.7740962429881922,0.9583333084920946,0.9969361917606349,0.999919778916551,0.9999993202091861,0.999999998304996,0.9999999999988817,0.9999999999999998
clip     | alpha=0.0449013671875,666,0.04538095593376912,0.005666814445703035,0.016632351950061314,0.04538095593376912,0.08288350433617066,0.15293122101318807,0.2683483154907852,0.42839114060489975,0.6096421894683265,0.7740962429881922,0.9583333084920946,0.9969361917606349,0.999919778916551,0.9999993202091861,0.999999998304996,0.9999999999988817,0.9999999999999998
clip     | alpha=0.0449013671875,667,0.045418390208070356,0.005666815501974576,0.016633632184545125,0.045418390208070356,0.08301905553249293,0.1533074039264156,0.26914858095243127,0.4296955314498767,0.611269378674161,0.7756470440310557,0.9589548851392524,0.9970178434798627,0.999923154289324,0.9999993617841763,0.9999999984471326,0.9999999999990049,0.9999999999999998
clip     | alpha=0.0449013671875,668,0.045418390208070356,0.005666815501974576,0.016633632184545125,0.045418390208070356,0.08301905553249293,0.1533074039264156,0.26914858095243127,0.4296955314498767,0.611269378674161,0.7756470440310557,0.9589548851392524,0.9970178434798627,0.999923154289324,0.9999993617841763,0.9999999984471326,0.9999999999990049,0.9999999999999998
clip     | alpha=0.0449013671875,669,0.04545710173173083,0.005666816583362761,0.016634953982087898,0.04545710173173083,0.0831591756359064,0.1536957996903372,0.26997317204564986,0.4310357948921148,0.6129352601389781,0.7772276645886004,0.9595812145589185,0.997098903631796,0.999926443773997,0.9999994014070042,0.9999999985790675,0.9999999999991158,0.9999999999999998
clip     | alpha=0.0449013671875,670,0.04545710173173083,0.005666816583362761,0.016634953982087898,0.04545710173173083,0.0831591756359064,0.1536957996903372,0.26997317204564986,0.4310357948921148,0.6129352601389781,0.7772276645886004,0.9595812145589185,0.997098903631796,0.999926443773997,0.9999994014070042,0.9999999985790675,0.9999999999991158,0.9999999999999998
clip     | alpha=0.0449013671875,671,0.04549699406223516,0.005666817686592494,0.016636313918668096,0.04549699406223516,0.08330351202621969,0.154095402193639,0.2708198563356187,0.43240810068871627,0.6146347885691376,0.778833043169044,0.9602101256159453,0.9971790950307194,0.9999296383431069,0.9999994390372519,0.9999999987011046,0.9999999999992153,0.9999999999999998
clip     | alpha=0.0449013671875,672,0.04549699406223516,0.005666817686592494,0.016636313918668096,0.04549699406223516,0.08330351202621969,0.154095402193639,0.2708198563356187,0.43240810068871627,0.6146347885691376,0.778833043169044,0.9602101256159453,0.9971790950307194,0.9999296383431069,0.9999994390372519,0.9999999987011046,0.9999999999992153,0.9999999999999998
clip     | alpha=0.0449013671875,673,0.04549699406223516,0.005666817686592494,0.016636313918668096,0.04549699406223516,0.08330351202621969,0.154095402193639,0.2708198563356187,0.43240810068871627,0.6146347885691376,0.778833043169044,0.9602101256159453,0.9971790950307194,0.9999296383431069,0.9999994390372519,0.9999999987011046,0.9999999999992153,0.9999999999999998
clip     | alpha=0.0449013671875,674,0.045517493465059566,0.005666818191713539,0.01663698372039411,0.045517493465059566,0.08337913505377556,0.15430861727135392,0.2712793852962919,0.43316482561075687,0.6155858490039365,0.7797436858110177,0.9605754143648566,0.9972265664340108,0.9999315566630936,0.9999994618480937,0.9999999987754066,0.9999999999992758,0.9999999999999998
clip     | alpha=0.0449013671875,675,0.045517493465059566,0.005666818191713539,0.01663698372039411,0.045517493465059566,0.08337913505377556,0.15430861727135392,0.2712793852962919,0.43316482561075687,0.6155858490039365,0.7797436858110177,0.9605754143648566,0.9972265664340108,0.9999315566630936,0.9999994618480937,0.9999999987754066,0.9999999999992758,0.9999999999999998
clip     | alpha=0.0449013671875,676,0.045543641403851656,0.005666818829575799,0.016637836716571083,0.045543641403851656,0.08347555714754172,0.1545801478439095,0.27186342565068355,0.43412388581421407,0.6167868394692306,0.780888526160793,0.9610294289672714,0.9972846963309613,0.9999338626273921,0.9999994886632314,0.9999999988604772,0.999999999999343,0.9999999999999998
clip     | alpha=0.0449013671875,677,0.045543641403851656,0.005666818829575799,0.016637836716571083,0.045543641403851656,0.08347555714754172,0.1545801478439095,0.27186342565068355,0.43412388581421407,0.6167868394692306,0.780888526160793,0.9610294289672714,0.9972846963309613,0.9999338626273921,0.9999994886632314,0.9999999988604772,0.999999999999343,0.9999999999999998
clip     | alpha=0.0449013671875,678,0.04557298227854526,0.0056668195381701725,0.016638792341023743,0.04557298227854526,0.08358371010559877,0.15488434763024345,0.27251642413260985,0.43519316976879086,0.6181210069506634,0.7821546646744947,0.9615258414497784,0.9973473153677619,0.9999363011312868,0.9999995163937565,0.9999999989461608,0.9999999999994086,0.9999999999999998
clip     | alpha=0.0449013671875,679,0.04557298227854526,0.0056668195381701725,0.016638792341023743,0.04557298227854526,0.08358371010559877,0.15488434763024345,0.27251642413260985,0.43519316976879086,0.6181210069506634,0.7821546646744947,0.9615258414497784,0.9973473153677619,0.9999363011312868,0.9999995163937565,0.9999999989461608,0.9999999999994086,0.9999999999999998
clip     | alpha=0.0449013671875,680,0.04560459455982747,0.005666820293985465,0.01663982029721667,0.04560459455982747,0.08370018905118572,0.15521157246566838,0.2732174413287304,0.43633785851650025,0.6195440837116546,0.7834991767131735,0.9620469914589156,0.9974120833544224,0.9999387770792445,0.9999995439286462,0.9999999990290243,0.9999999999994701,0.9999999999999998
clip     | alpha=0.0449013671875,681,0.04560459455982747,0.005666820293985465,0.01663982029721667,0.04560459455982747,0.08370018905118572,0.15521157246566838,0.2732174413287304,0.43633785851650025,0.6195440837116546,0.7834991767131735,0.9620469914589156,0.9974120833544224,0.9999387770792445,0.9999995439286462,0.9999999990290243,0.9999999999994701,0.9999999999999998
clip     | alpha=0.0449013671875,682,0.045638013695943114,0.005666821085010541,0.016640905269293616,0.045638013695943114,0.08382327629858004,0.1555569469201063,0.2739558584738717,0.43754022919871655,0.6210334547443389,0.7849000690888436,0.9625838247084167,0.9974778144712978,0.9999412437783197,0.9999995707552187,0.9999999991076538,0.9999999999995267,0.9999999999999998
clip     | alpha=0.0449013671875,683,0.045638013695943114,0.005666821085010541,0.016640905269293616,0.045638013695943114,0.08382327629858004,0.1555569469201063,0.2739558584738717,0.43754022919871655,0.6210334547443389,0.7849000690888436,0.9625838247084167,0.9974778144712978,0.9999412437783197,0.9999995707552187,0.9999999991076538,0.9999999999995267,0.9999999999999998
clip     | alpha=0.0449013671875,684,0.04567296483241161,0.005666821904024923,0.016642038163135735,0.04567296483241161,0.08395195462080408,0.1559175761021589,0.27472534598112647,0.43878967103455135,0.6225755250700077,0.7863440835718061,0.9631308945380339,0.9975438090601184,0.9999436749606522,0.9999995966119568,0.9999999991814671,0.9999999999995782,0.9999999999999998
clip     | alpha=0.0449013671875,685,0.04567296483241161,0.005666821904024923,0.016642038163135735,0.04567296483241161,0.08395195462080408,0.1559175761021589,0.27472534598112647,0.43878967103455135,0.6225755250700077,0.7863440835718061,0.9631308945380339,0.9975438090601184,0.9999436749606522,0.9999995966119568,0.9999999991814671,0.9999999999995782,0.9999999999999998
clip     | alpha=0.0449013671875,686,0.04570926792659244,0.005666822746212951,0.016643212996114383,0.04570926792659244,0.0840855569340347,0.15629155558760238,0.27552172100810507,0.44007913724720815,0.6241612275856758,0.7878223563664462,0.963684579056427,0.9976096145158156,0.9999460547315489,0.999999621363287,0.9999999992502847,0.9999999999996249,0.9999999999999998
clip     | alpha=0.0449013671875,687,0.04570926792659244,0.005666822746212951,0.016643212996114383,0.04570926792659244,0.0840855569340347,0.15629155558760238,0.27552172100810507,0.44007913724720815,0.6241612275856758,0.7878223563664462,0.963684579056427,0.9976096145158156,0.9999460547315489,0.999999621363287,0.9999999992502847,0.9999999999996249,0.9999999999999998
clip     | alpha=0.0449013671875,688,0.04574679641298761,0.005666823608122444,0.01664442554179192,0.04574679641298761,0.08422361367962326,0.15667753999287895,0.2763420135407297,0.44140359758113495,0.6257840624007942,0.7893285218323147,0.9642423001394244,0.997674920133323,0.9999483731286914,0.9999996449440806,0.9999999993141404,0.9999999999996668,0.9999999999999998
clip     | alpha=0.0449013671875,689,0.04574679641298761,0.005666823608122444,0.01664442554179192,0.04574679641298761,0.08422361367962326,0.15667753999287895,0.2763420135407297,0.44140359758113495,0.6257840624007942,0.7893285218323147,0.9642423001394244,0.997674920133323,0.9999483731286914,0.9999996449440806,0.9999999993141404,0.9999999999996668,0.9999999999999998
clip     | alpha=0.0449013671875,690,0.04578545658630393,0.005666824487144165,0.016645672653705604,0.04578545658630393,0.08436577669511709,0.1570745277181526,0.2771840002279436,0.44275926540055355,0.6274391167456471,0.790857763519568,0.9648021313223318,0.99773950407114,0.999950623871433,0.999999667331479,0.9999999993731857,0.9999999999997045,0.9999999999999998
clip     | alpha=0.0449013671875,691,0.04578545658630393,0.005666824487144165,0.016645672653705604,0.04578545658630393,0.08436577669511709,0.1570745277181526,0.2771840002279436,0.44275926540055355,0.6274391167456471,0.790857763519568,0.9648021313223318,0.99773950407114,0.999950623871433,0.999999667331479,0.9999999993731857,0.9999999999997045,0.9999999999999998
clip     | alpha=0.0449013671875,692,0.04578545658630393,0.005666824487144165,0.016645672653705604,0.04578545658630393,0.08436577669511709,0.1570745277181526,0.2771840002279436,0.44275926540055355,0.6274391167456471,0.790857763519568,0.9648021313223318,0.99773950407114,0.999950623871433,0.999999667331479,0.9999999993731857,0.9999999999997045,0.9999999999999998
clip     | alpha=0.0449013671875,693,0.045805316427557675,0.005666824889480529,0.01664628668882275,0.045805316427557675,0.08444023703635917,0.15728627944777918,0.2776408325092459,0.4435065750694932,0.6283649912272649,0.7917249386652367,0.9651271919172123,0.9977777239209811,0.9999519749941527,0.999999680897986,0.9999999994091238,0.9999999999997273,0.9999999999999998
clip     | alpha=0.0449013671875,694,0.045805316427557675,0.005666824889480529,0.01664628668882275,0.045805316427557675,0.08444023703635917,0.15728627944777918,0.2776408325092459,0.4435065750694932,0.6283649912272649,0.7917249386652367,0.9651271919172123,0.9977777239209811,0.9999519749941527,0.999999680897986,0.9999999994091238,0.9999999999997273,0.9999999999999998
clip     | alpha=0.0449013671875,695,0.0458306423063682,0.005666825397421487,0.016647068472382724,0.0458306423063682,0.08453515316609914,0.15755587969766052,0.2782213018091428,0.4444534681344946,0.6295338877340121,0.7928148627972593,0.9655311072623346,0.9978245134809755,0.9999535987428886,0.9999996968420585,0.9999999994502601,0.9999999999997528,0.9999999999999998
clip     | alpha=0.0449013671875,696,0.0458306423063682,0.005666825397421487,0.016647068472382724,0.0458306423063682,0.08453515316609914,0.15755587969766052,0.2782213018091428,0.4444534681344946,0.6295338877340121,0.7928148627972593,0.9655311072623346,0.9978245134809755,0.9999535987428886,0.9999996968420585,0.9999999994502601,0.9999999999997528,0.9999999999999998
clip     | alpha=0.0449013671875,697,0.04585905364490828,0.005666825961546814,0.016647944097632518,0.04585905364490828,0.08464159036566904,0.1578578415170601,0.27887014558823475,0.4455089230561041,0.63083207823211,0.7940199657038896,0.9659726317535399,0.9978749038298168,0.9999553153909766,0.9999997133262972,0.9999999994916825,0.9999999999997775,0.9999999999999998
clip     | alpha=0.0449013671875,698,0.04585905364490828,0.005666825961546814,0.016647944097632518,0.04585905364490828,0.08464159036566904,0.1578578415170601,0.27887014558823475,0.4455089230561041,0.63083207823211,0.7940199657038896,0.9659726317535399,0.9978749038298168,0.9999553153909766,0.9999997133262972,0.9999999994916825,0.9999999999997775,0.9999999999999998
clip     | alpha=0.0449013671875,699,0.04588965686959791,0.005666826563116978,0.01664888576678674,0.04588965686959791,0.08475619315358644,0.15818257876184372,0.2795665305110728,0.44663852847741037,0.6322164384688762,0.7952993479642527,0.9664360440675204,0.99792701059272,0.9999570579682568,0.9999997296901988,0.9999999995317318,0.9999999999998007,0.9999999999999998
clip     | alpha=0.0449013671875,700,0.04588965686959791,0.005666826563116978,0.01664888576678674,0.04588965686959791,0.08475619315358644,0.15818257876184372,0.2795665305110728,0.44663852847741037,0.6322164384688762,0.7952993479642527,0.9664360440675204,0.99792701059272,0.9999570579682568,0.9999997296901988,0.9999999995317318,0.9999999999998007,0.9999999999999998
clip     | alpha=0.0449013671875,701,0.04592200143453989,0.005666827192558816,0.016649879425030746,0.04592200143453989,0.0848772684534275,0.15852524458982406,0.2802998904829863,0.4478247682303324,0.6336649382506784,0.7966320563869124,0.9669132864094192,0.9979798793923312,0.9999587936154404,0.9999997456292861,0.9999999995697255,0.9999999999998221,0.9999999999999998
clip     | alpha=0.0449013671875,702,0.04592200143453989,0.005666827192558816,0.016649879425030746,0.04592200143453989,0.0848772684534275,0.15852524458982406,0.2802998904829863,0.4478247682303324,0.6336649382506784,0.7966320563869124,0.9669132864094192,0.9979798793923312,0.9999587936154404,0.9999997456292861,0.9999999995697255,0.9999999999998221,0.9999999999999998
clip     | alpha=0.0449013671875,703,0.04595582073175046,0.005666827844118293,0.016650916726222535,0.04595582073175046,0.08500381347528531,0.15888296081056041,0.28106392712125755,0.4490571558340014,0.6351643361331639,0.7980054628972296,0.9673995138981779,0.9980329475422479,0.999960503866979,0.9999997609885066,0.9999999996053835,0.9999999999998416,0.9999999999999998
clip     | alpha=0.0449013671875,704,0.04595582073175046,0.005666827844118293,0.016650916726222535,0.04595582073175046,0.08500381347528531,0.15888296081056041,0.28106392712125755,0.4490571558340014,0.6351643361331639,0.7980054628972296,0.9673995138981779,0.9980329475422479,0.999960503866979,0.9999997609885066,0.9999999996053835,0.9999999999998416,0.9999999999999998
clip     | alpha=0.0449013671875,705,0.04599094010284867,0.005666828513958807,0.016651992179632574,0.04599094010284867,0.0851351705488212,0.15925383393059794,0.2818544784184997,0.45032872812557634,0.636705803160929,0.7994111282757471,0.9678915069109155,0.9980858513988023,0.9999621775662193,0.9999997756877099,0.9999999996386206,0.9999999999998591,0.9999999999999998
clip     | alpha=0.0449013671875,706,0.04599094010284867,0.005666828513958807,0.016651992179632574,0.04599094010284867,0.0851351705488212,0.15925383393059794,0.2818544784184997,0.45032872812557634,0.636705803160929,0.7994111282757471,0.9678915069109155,0.9980858513988023,0.9999621775662193,0.9999997756877099,0.9999999996386206,0.9999999999998591,0.9999999999999998
clip     | alpha=0.0449013671875,707,0.046027236761485756,0.005666829199331069,0.016653101906472807,0.046027236761485756,0.08527087672975563,0.1596365263390136,0.2826685895470019,0.4516345157716272,0.6382830125399679,0.8008429948797707,0.96838697550015,0.9981383416295616,0.999963807735156,0.9999997896886171,0.9999999996694543,0.9999999999998749,0.9999999999999998
clip     | alpha=0.0449013671875,708,0.046027236761485756,0.005666829199331069,0.016653101906472807,0.046027236761485756,0.08527087672975563,0.1596365263390136,0.2826685895470019,0.4516345157716272,0.6382830125399679,0.8008429948797707,0.96838697550015,0.9981383416295616,0.999963807735156,0.9999997896886171,0.9999999996694543,0.9999999999998749,0.9999999999999998
clip     | alpha=0.0449013671875,709,0.04606461980082925,0.005666829898158073,0.016654243019394624,0.04606461980082925,0.08541058877068837,0.1600300423255537,0.2835040489879363,0.4529707792509039,0.6398911845772475,0.8022964820933405,0.9688842101251905,0.9981902404725376,0.9999653899878782,0.9999998029780548,0.9999999996979589,0.9999999999998891,0.9999999999999998
clip     | alpha=0.0449013671875,710,0.04606461980082925,0.005666829898158073,0.016654243019394624,0.04606461980082925,0.08541058877068837,0.1600300423255537,0.2835040489879363,0.4529707792509039,0.6398911845772475,0.8022964820933405,0.9688842101251905,0.9981902404725376,0.9999653899878782,0.9999998029780548,0.9999999996979589,0.9999999999998891,0.9999999999999998
clip     | alpha=0.0449013671875,711,0.04606461980082925,0.005666829898158073,0.016654243019394624,0.04606461980082925,0.08541058877068837,0.1600300423255537,0.2835040489879363,0.4529707792509039,0.6398911845772475,0.8022964820933405,0.9688842101251905,0.9981902404725376,0.9999653899878782,0.9999998029780548,0.9999999996979589,0.9999999999998891,0.9999999999999998
clip     | alpha=0.0449013671875,712,0.046083819501746025,0.00566683021794981,0.016654804745082057,0.046083819501746025,0.08548374985136087,0.1602398977248873,0.2839572436760826,0.4537072360790544,0.6407906412372545,0.8031205249307123,0.9691728633963211,0.9982209469508553,0.9999663396140381,0.9999998110295937,0.9999999997153046,0.9999999999998977,0.9999999999999998
clip     | alpha=0.0449013671875,713,0.046083819501746025,0.00566683021794981,0.016654804745082057,0.046083819501746025,0.08548374985136087,0.1602398977248873,0.2839572436760826,0.4537072360790544,0.6407906412372545,0.8031205249307123,0.9691728633963211,0.9982209469508553,0.9999663396140381,0.9999998110295937,0.9999999997153046,0.9999999999998977,0.9999999999999998
clip     | alpha=0.0449013671875,714,0.046108299492709615,0.00566683062161307,0.01665551981028793,0.046108299492709615,0.08557699433514072,0.16050703931674512,0.2845329954959549,0.4546402232362117,0.6419259976729883,0.8041560658705009,0.9695314801281303,0.9982585322519181,0.9999674806642,0.9999998204906179,0.9999999997351561,0.9999999999999073,0.9999999999999998
clip     | alpha=0.0449013671875,715,0.046108299492709615,0.00566683062161307,0.01665551981028793,0.046108299492709615,0.08557699433514072,0.16050703931674512,0.2845329954959549,0.4546402232362117,0.6419259976729883,0.8041560658705009,0.9695314801281303,0.9982585322519181,0.9999674806642,0.9999998204906179,0.9999999997351561,0.9999999999999073,0.9999999999999998
clip     | alpha=0.0449013671875,716,0.046135757240221835,0.005666831069850451,0.016656320573056962,0.046135757240221835,0.08568153928301034,0.1608061967069553,0.2851764571814605,0.4556800019022312,0.6431867247333523,0.805300844786188,0.9699234218332332,0.9982990031573181,0.9999686867929464,0.9999998302705146,0.9999999997551422,0.9999999999999166,0.9999999999999998
clip     | alpha=0.0449013671875,717,0.046135757240221835,0.005666831069850451,0.016656320573056962,0.046135757240221835,0.08568153928301034,0.1608061967069553,0.2851764571814605,0.4556800019022312,0.6431867247333523,0.805300844786188,0.9699234218332332,0.9982990031573181,0.9999686867929464,0.9999998302705146,0.9999999997551422,0.9999999999999166,0.9999999999999998
clip     | alpha=0.0449013671875,718,0.04616532829187415,0.005666831547759362,0.016657181587244604,0.04616532829187415,0.08579408556709443,0.16112786345679797,0.2858669485814006,0.456792641079751,0.6445309069083415,0.8065159788052692,0.9703347236384547,0.9983408455023295,0.9999699109321553,0.999999839977371,0.9999999997744625,0.9999999999999254,0.9999999999999998
clip     | alpha=0.0449013671875,719,0.04616532829187415,0.005666831547759362,0.016657181587244604,0.04616532829187415,0.08579408556709443,0.16112786345679797,0.2858669485814006,0.456792641079751,0.6445309069083415,0.8065159788052692,0.9703347236384547,0.9983408455023295,0.9999699109321553,0.999999839977371,0.9999999997744625,0.9999999999999254,0.9999999999999998
clip     | alpha=0.0449013671875,720,0.04619657669409985,0.005666832047726396,0.01665808998473635,0.04619657669409985,0.08591296821079544,0.1614672321605066,0.2865939797651643,0.45796086737415065,0.6459371304780988,0.807781548074687,0.9707582290237984,0.9983832926288186,0.9999711299979122,0.9999998494306421,0.9999999997927881,0.9999999999999335,0.9999999999999998
clip     | alpha=0.0449013671875,721,0.04619657669409985,0.005666832047726396,0.01665808998473635,0.04619657669409985,0.08591296821079544,0.1614672321605066,0.2865939797651643,0.45796086737415065,0.6459371304780988,0.807781548074687,0.9707582290237984,0.9983832926288186,0.9999711299979122,0.9999998494306421,0.9999999997927881,0.9999999999999335,0.9999999999999998
clip     | alpha=0.0449013671875,722,0.046229244421465775,0.0056668325651755376,0.01665903812285028,0.046229244421465775,0.08603720087762455,0.16182144758446557,0.28735129704120926,0.45917433911281785,0.647392524791765,0.8090855484663548,0.9711896361540668,0.9984258927304102,0.999972331026973,0.9999998585384883,0.9999999998099842,0.9999999999999408,0.9999999999999998
clip     | alpha=0.0449013671875,723,0.046229244421465775,0.0056668325651755376,0.01665903812285028,0.046229244421465775,0.08603720087762455,0.16182144758446557,0.28735129704120926,0.45917433911281785,0.647392524791765,0.8090855484663548,0.9711896361540668,0.9984258927304102,0.999972331026973,0.9999998585384883,0.9999999998099842,0.9999999999999408,0.9999999999999998
clip     | alpha=0.0449013671875,724,0.04626316240645475,0.0056668330970559375,0.016660020972978213,0.04626316240645475,0.08616613657592943,0.16218863108825973,0.28813476764142865,0.4604261893335202,0.6488885089326794,0.8104199592343795,0.9716260873775732,0.9984683540013312,0.9999735061948583,0.9999998672535261,0.9999999998260102,0.9999999999999475,0.9999999999999998
clip     | alpha=0.0449013671875,725,0.04626316240645475,0.0056668330970559375,0.016660020972978213,0.04626316240645475,0.08616613657592943,0.16218863108825973,0.28813476764142865,0.4604261893335202,0.6488885089326794,0.8104199592343795,0.9716260873775732,0.9984683540013312,0.9999735061948583,0.9999998672535261,0.9999999998260102,0.9999999999999475,0.9999999999999998
clip     | alpha=0.0449013671875,726,0.04629821177366314,0.0056668336411817375,0.016661034982442983,0.04629821177366314,0.08629931981166031,0.16256745542533013,0.28894145743262367,0.461711517695974,0.6504189348861896,0.8117790246796552,0.9720655511995696,0.9985104765227617,0.9999746506145709,0.9999998755532162,0.999999999840875,0.9999999999999535,0.9999999999999998
clip     | alpha=0.0449013671875,727,0.04629821177366314,0.0056668336411817375,0.016661034982442983,0.04629821177366314,0.08629931981166031,0.16256745542533013,0.28894145743262367,0.461711517695974,0.6504189348861896,0.8117790246796552,0.9720655511995696,0.9985104765227617,0.9999746506145709,0.9999998755532162,0.999999999840875,0.9999999999999535,0.9999999999999998
clip     | alpha=0.0449013671875,728,0.04633430449991838,0.005666834195901987,0.016662077506504235,0.04633430449991838,0.08643641282284152,0.16295693254571827,0.289769170451016,0.46302663708257485,0.6519791591327185,0.8131583940292332,0.972506511924492,0.998552117901366,0.9999757612208218,0.999999883429908,0.9999999998546147,0.9999999999999588,0.9999999999999998
clip     | alpha=0.0449013671875,729,0.04633430449991838,0.005666834195901987,0.016662077506504235,0.04633430449991838,0.08643641282284152,0.16295693254571827,0.289769170451016,0.46302663708257485,0.6519791591327185,0.8131583940292332,0.972506511924492,0.998552117901366,0.9999757612208218,0.999999883429908,0.9999999998546147,0.9999999999999588,0.9999999999999998
clip     | alpha=0.0449013671875,730,0.04637137278112316,0.005666834759918703,0.016663146495958573,0.04637137278112316,0.08657715501928401,0.16335629688643247,0.29061619552388834,0.4643686587386921,0.653565530923999,0.8145546467347108,0.9729477977182437,0.9985931741338075,0.9999768361457938,0.9999998908852759,0.9999999998672809,0.9999999999999636,0.9999999999999998
clip     | alpha=0.0449013671875,731,0.04637137278112316,0.005666834759918703,0.016663146495958573,0.04637137278112316,0.08657715501928401,0.16335629688643247,0.29061619552388834,0.4643686587386921,0.653565530923999,0.8145546467347108,0.9729477977182437,0.9985931741338075,0.9999768361457938,0.9999998908852759,0.9999999998672809,0.9999999999999636,0.9999999999999998
clip     | alpha=0.0449013671875,732,0.04637137278112316,0.005666834759918703,0.016663146495958573,0.04637137278112316,0.08657715501928401,0.16335629688643247,0.29061619552388834,0.4643686587386921,0.653565530923999,0.8145546467347108,0.9729477977182437,0.9985931741338075,0.9999768361457938,0.9999998908852759,0.9999999998672809,0.9999999999999636,0.9999999999999998
clip     | alpha=0.0449013671875,733,0.04639036776056764,0.005666835017435794,0.01666367152775465,0.04639036776056764,0.08665068883841882,0.16356878937105274,0.2910746246781017,0.4651066160524805,0.6544507876545935,0.8153444503621987,0.9732033922686878,0.9986174105248776,0.9999774798279853,0.999999895391968,0.9999999998749711,0.9999999999999665,0.9999999999999998
clip     | alpha=0.0449013671875,734,0.04639036776056764,0.005666835017435794,0.01666367152775465,0.04639036776056764,0.08665068883841882,0.16356878937105274,0.2910746246781017,0.4651066160524805,0.6544507876545935,0.8153444503621987,0.9732033922686878,0.9986174105248776,0.9999774798279853,0.999999895391968,0.9999999998749711,0.9999999999999665,0.9999999999999998
clip     | alpha=0.0449013671875,735,0.04641455037607384,0.005666835342003792,0.01666433887922312,0.04641455037607384,0.08674426771193147,0.16383888191156012,0.29165615235745296,0.46604010088767595,0.6555665427398145,0.8163354745669211,0.9735204609220739,0.9986470317916492,0.9999782521016304,0.9999999006796435,0.9999999998837591,0.9999999999999697,0.9999999999999998
clip     | alpha=0.0449013671875,736,0.04641455037607384,0.005666835342003792,0.01666433887922312,0.04641455037607384,0.08674426771193147,0.16383888191156012,0.29165615235745296,0.46604010088767595,0.6555665427398145,0.8163354745669211,0.9735204609220739,0.9986470317916492,0.9999782521016304,0.9999999006796435,0.9999999998837591,0.9999999999999697,0.9999999999999998
clip     | alpha=0.0449013671875,737,0.04644163772574182,0.005666835701922262,0.016665085194679404,0.04644163772574182,0.08684904503621452,0.16414093300027816,0.2923051862153184,0.4670790208548464,0.656803820802155,0.8174295523518499,0.9738665228529727,0.998678883894083,0.9999790673120742,0.9999999061381083,0.9999999998925946,0.9999999999999728,0.9999999999999998
clip     | alpha=0.0449013671875,738,0.04644163772574182,0.005666835701922262,0.016665085194679404,0.04644163772574182,0.08684904503621452,0.16414093300027816,0.2923051862153184,0.4670790208548464,0.656803820802155,0.8174295523518499,0.9738665228529727,0.998678883894083,0.9999790673120742,0.9999999061381083,0.9999999998925946,0.9999999999999728,0.9999999999999998
clip     | alpha=0.0449013671875,739,0.046470774276920646,0.005666836085197673,0.01666588668565804,0.046470774276920646,0.08696170385181698,0.1644653148962386,0.2930008072435055,0.4681893846843144,0.6581213921359111,0.8185894522885623,0.9742292355277596,0.998711775188622,0.9999798936860699,0.9999999115491964,0.9999999999011253,0.9999999999999757,0.9999999999999998
clip     | alpha=0.0449013671875,740,0.046470774276920646,0.005666836085197673,0.01666588668565804,0.046470774276920646,0.08696170385181698,0.1644653148962386,0.2930008072435055,0.4681893846843144,0.6581213921359111,0.8185894522885623,0.9742292355277596,0.998711775188622,0.9999798936860699,0.9999999115491964,0.9999999999011253,0.9999999999999757,0.9999999999999998
clip     | alpha=0.0449013671875,741,0.046501529727377,0.005666836485723109,0.01666673135583152,0.046501529727377,0.08708057470415045,0.16480717240884846,0.2937324353295109,0.4693539419170188,0.6594982632224393,0.819796168556852,0.974602300054343,0.9987451052526537,0.999980715731592,0.9999999168131375,0.999999999909208,0.9999999999999784,0.9999999999999998
clip     | alpha=0.0449013671875,742,0.046501529727377,0.005666836485723109,0.01666673135583152,0.046501529727377,0.08708057470415045,0.16480717240884846,0.2937324353295109,0.4693539419170188,0.6594982632224393,0.819796168556852,0.974602300054343,0.9987451052526537,0.999980715731592,0.9999999168131375,0.999999999909208,0.9999999999999784,0.9999999999999998
clip     | alpha=0.0449013671875,743,0.04653365019403083,0.005666836899842007,0.016667612103465474,0.04653365019403083,0.08720467173140767,0.1651636313023109,0.29449378443492646,0.47056240162184537,0.6609218640396464,0.821038294453834,0.9749819479392361,0.9987785222277471,0.9999815248105367,0.9999999218796981,0.9999999999167849,0.9999999999999808,0.9999999999999998
clip     | alpha=0.0449013671875,744,0.04653365019403083,0.005666836899842007,0.016667612103465474,0.04653365019403083,0.08720467173140767,0.1651636313023109,0.29449378443492646,0.47056240162184537,0.6609218640396464,0.821038294453834,0.9749819479392361,0.9987785222277471,0.9999815248105367,0.9999999218796981,0.9999999999167849,0.9999999999999808,0.9999999999999998
clip     | alpha=0.0449013671875,745,0.046566969871294155,0.005666837325126145,0.016668524271811796,0.046566969871294155,0.08733335040201773,0.1655328068831998,0.2952807151568946,0.47180795601128456,0.6623838471761129,0.8223082404442756,0.9753656880529531,0.9988118002346871,0.9999823157534091,0.9999999267233692,0.9999999999238399,0.999999999999983,0.9999999999999998
clip     | alpha=0.0449013671875,746,0.046566969871294155,0.005666837325126145,0.016668524271811796,0.046566969871294155,0.08733335040201773,0.1655328068831998,0.2952807151568946,0.47180795601128456,0.6623838471761129,0.8223082404442756,0.9753656880529531,0.9988118002346871,0.9999823157534091,0.9999999267233692,0.9999999999238399,0.999999999999983,0.9999999999999998
clip     | alpha=0.0449013671875,747,0.04660137255675349,0.005666837759842457,0.016669464581971216,0.04660137255675349,0.08746615844330274,0.16591337210531026,0.2960902988987955,0.4730857647032549,0.66387825494415,0.8236005825808391,0.9757517580335732,0.998844785508961,0.9999830853656254,0.9999999313323901,0.9999999999303784,0.999999999999985,0.9999999999999998
clip     | alpha=0.0449013671875,748,0.04660137255675349,0.005666837759842457,0.016669464581971216,0.04660137255675349,0.08746615844330274,0.16591337210531026,0.2960902988987955,0.4730857647032549,0.66387825494415,0.8236005825808391,0.9757517580335732,0.998844785508961,0.9999830853656254,0.9999999313323901,0.9999999999303784,0.999999999999985,0.9999999999999998
clip     | alpha=0.0449013671875,749,0.046636772472874434,0.005666838202686718,0.016670430600794636,0.046636772472874434,0.0876027615282515,0.16630434221704907,0.29692035106092457,0.4743921982058427,0.6654006038492815,0.8249112366726725,0.9761388491435471,0.9988773692706604,0.9999838316719438,0.999999935703191,0.9999999999364174,0.9999999999999868,0.9999999999999998
clip     | alpha=0.0449013671875,750,0.046636772472874434,0.005666838202686718,0.016670430600794636,0.046636772472874434,0.0876027615282515,0.16630434221704907,0.29692035106092457,0.4743921982058427,0.6654006038492815,0.8249112366726725,0.9761388491435471,0.9988773692706604,0.9999838316719438,0.999999935703191,0.9999999999364174,0.9999999999999868,0.9999999999999998
clip     | alpha=0.0449013671875,751,0.046636772472874434,0.005666838202686718,0.016670430600794636,0.046636772472874434,0.0876027615282515,0.16630434221704907,0.29692035106092457,0.4743921982058427,0.6654006038492815,0.8249112366726725,0.9761388491435471,0.9988773692706604,0.9999838316719438,0.999999935703191,0.9999999999364174,0.9999999999999868,0.9999999999999998
clip     | alpha=0.0449013671875,752,0.046654938103963296,0.005666838405164317,0.016670905727729914,0.046654938103963296,0.08767423340458937,0.1665126616224391,0.2973702274768214,0.47511159898624095,0.6662513310838203,0.8256536659033026,0.976363370014922,0.998896631296326,0.9999842792021344,0.9999999383490197,0.9999999999400891,0.9999999999999879,0.9999999999999998
clip     | alpha=0.0449013671875,753,0.046654938103963296,0.005666838405164317,0.016670905727729914,0.046654938103963296,0.08767423340458937,0.1665126616224391,0.2973702274768214,0.47511159898624095,0.6662513310838203,0.8256536659033026,0.976363370014922,0.998896631296326,0.9999842792021344,0.9999999383490197,0.9999999999400891,0.9999999999999879,0.9999999999999998
clip     | alpha=0.0449013671875,754,0.046678084708321674,0.005666838660580831,0.016671510164703057,0.046678084708321674,0.08776526627340389,0.16677767701409904,0.2979413953133309,0.4760223911504393,0.6673244857764514,0.82658604505804,0.9766421302310233,0.9989201931789625,0.999984816598115,0.9999999414560178,0.9999999999442886,0.9999999999999891,0.9999999999999998
clip     | alpha=0.0449013671875,755,0.046678084708321674,0.005666838660580831,0.016671510164703057,0.046678084708321674,0.08776526627340389,0.16677767701409904,0.2979413953133309,0.4760223911504393,0.6673244857764514,0.82658604505804,0.9766421302310233,0.9989201931789625,0.999984816598115,0.9999999414560178,0.9999999999442886,0.9999999999999891,0.9999999999999998
clip     | alpha=0.0449013671875,756,0.04670403025303721,0.005666838944019874,0.01667218660753491,0.04670403025303721,0.08786726622868499,0.16707426337460432,0.29857932522630226,0.4770367844526606,0.6685153795597,0.8276161198395148,0.9769465995756395,0.99894554777678,0.9999853842802091,0.9999999446656772,0.9999999999485137,0.9999999999999903,0.9999999999999998
clip     | alpha=0.0449013671875,757,0.04670403025303721,0.005666838944019874,0.01667218660753491,0.04670403025303721,0.08786726622868499,0.16707426337460432,0.29857932522630226,0.4770367844526606,0.6685153795597,0.8276161198395148,0.9769465995756395,0.99894554777678,0.9999853842802091,0.9999999446656772,0.9999999999485137,0.9999999999999903,0.9999999999999998
clip     | alpha=0.0449013671875,758,0.0467319552544094,0.005666839246032624,0.01667291349316199,0.0467319552544094,0.08797700412715072,0.1673929663787426,0.2992634528016681,0.47812158117923464,0.6697843123875518,0.82870881711396,0.9772659086478233,0.9989717451875164,0.999985960079179,0.999999947849375,0.9999999999525956,0.9999999999999915,0.9999999999999998
clip     | alpha=0.0449013671875,759,0.0467319552544094,0.005666839246032624,0.01667291349316199,0.0467319552544094,0.08797700412715072,0.1673929663787426,0.2992634528016681,0.47812158117923464,0.6697843123875518,0.82870881711396,0.9772659086478233,0.9989717451875164,0.999985960079179,0.999999947849375,0.9999999999525956,0.9999999999999915,0.9999999999999998
clip     | alpha=0.0449013671875,760,0.04676144637099671,0.005666839561793622,0.016673679916404685,0.04676144637099671,0.08809285008888657,0.16772900465049684,0.2999833472556687,0.47925988439240713,0.67111100967269,0.8298461787301293,0.9775944927491216,0.9989983051596595,0.9999865331445605,0.9999999509480234,0.9999999999564649,0.9999999999999925,0.9999999999999998
clip     | alpha=0.0449013671875,761,0.04676144637099671,0.005666839561793622,0.016673679916404685,0.04676144637099671,0.08809285008888657,0.16772900465049684,0.2999833472556687,0.47925988439240713,0.67111100967269,0.8298461787301293,0.9775944927491216,0.9989983051596595,0.9999865331445605,0.9999999509480234,0.9999999999564649,0.9999999999999925,0.9999999999999998
clip     | alpha=0.0449013671875,762,0.0467922589638474,0.005666839888404549,0.016674479401309873,0.0467922589638474,0.08821383861219387,0.16807953880821472,0.3007327919268534,0.48044158259209624,0.6724832938766615,0.8310173928288211,0.9779290117959392,0.9990249452613027,0.9999870974009435,0.9999999539317004,0.9999999999600937,0.9999999999999933,0.9999999999999998
clip     | alpha=0.0449013671875,763,0.0467922589638474,0.005666839888404549,0.016674479401309873,0.0467922589638474,0.08821383861219387,0.16807953880821472,0.3007327919268534,0.48044158259209624,0.6724832938766615,0.8310173928288211,0.9779290117959392,0.9990249452613027,0.9999870974009435,0.9999999539317004,0.9999999999600937,0.9999999999999933,0.9999999999999998
clip     | alpha=0.0449013671875,764,0.0468242327644745,0.0056668402239349845,0.01667530768833437,0.0468242327644745,0.08833933650703069,0.1684427012551807,0.30150768059893,0.4816599665551496,0.6738930541761784,0.8322152443913452,0.9782672511553955,0.9990514835630497,0.9999876491959618,0.9999999567850848,0.9999999999634737,0.9999999999999941,0.9999999999999998
clip     | alpha=0.0449013671875,765,0.0468242327644745,0.0056668402239349845,0.01667530768833437,0.0468242327644745,0.08833933650703069,0.1684427012551807,0.30150768059893,0.4816599665551496,0.6738930541761784,0.8322152443913452,0.9782672511553955,0.9990514835630497,0.9999876491959618,0.9999999567850848,0.9999999999634737,0.9999999999999941,0.9999999999999998
clip     | alpha=0.0449013671875,766,0.046857255119561014,0.005666840567003526,0.016676161769629667,0.046857255119561014,0.08846889815657644,0.1688171732002146,0.3023051000250164,0.48291025304175156,0.6753344864814294,0.8334345637780676,0.9786076399060851,0.999077795822407,0.9999881862609401,0.9999999595010021,0.999999999966607,0.9999999999999949,0.9999999999999998
clip     | alpha=0.0449013671875,767,0.046857255119561014,0.005666840567003526,0.016676161769629667,0.046857255119561014,0.08846889815657644,0.1688171732002146,0.3023051000250164,0.48291025304175156,0.6753344864814294,0.8334345637780676,0.9786076399060851,0.999077795822407,0.9999881862609401,0.9999999595010021,0.999999999966607,0.9999999999999949,0.9999999999999998
clip     | alpha=0.0449013671875,768,0.04689124264914816,0.005666840916568288,0.01667703940746733,0.04689124264914816,0.08860219328327483,0.1692019735112768,0.3031228717414161,0.48418884708181487,0.6768032132201579,0.8346714499362973,0.9789490088667071,0.9991037938817042,0.9999887071840999,0.9999999620771486,0.9999999999695017,0.9999999999999956,0.9999999999999998
clip     | alpha=0.0449013671875,769,0.04689124264914816,0.005666840916568288,0.01667703940746733,0.04689124264914816,0.08860219328327483,0.1692019735112768,0.3031228717414161,0.48418884708181487,0.6768032132201579,0.8346714499362973,0.9789490088667071,0.9991037938817042,0.9999887071840999,0.9999999620771486,0.9999999999695017,0.9999999999999956,0.9999999999999998
clip     | alpha=0.0449013671875,770,0.04692613115973795,0.005666841271811405,0.016677938869305284,0.04692613115973795,0.08873896722090653,0.16959634255529674,0.3039592998819455,0.4854929356548375,0.6782957980626009,0.8359228415931329,0.9792904565229784,0.9991294136379795,0.9999892111159113,0.9999999645142627,0.9999999999721689,0.9999999999999961,0.9999999999999998
clip     | alpha=0.0449013671875,771,0.04692613115973795,0.005666841271811405,0.016677938869305284,0.04692613115973795,0.08873896722090653,0.16959634255529674,0.3039592998819455,0.4854929356548375,0.6782957980626009,0.8359228415931329,0.9792904565229784,0.9991294136379795,0.9999892111159113,0.9999999645142627,0.9999999999721689,0.9999999999999961,0.9999999999999998
clip     | alpha=0.0449013671875,772,0.04692613115973795,0.005666841271811405,0.016677938869305284,0.04692613115973795,0.08873896722090653,0.16959634255529674,0.3039592998819455,0.4854929356548375,0.6782957980626009,0.8359228415931329,0.9792904565229784,0.9991294136379795,0.9999892111159113,0.9999999645142627,0.9999999999721689,0.9999999999999961,0.9999999999999998
clip     | alpha=0.0449013671875,773,0.046944000416879364,0.005666841433927989,0.016678380422077987,0.046944000416879364,0.08881039281119514,0.16980607460354263,0.3044117724856249,0.4862096836661874,0.6791283109699614,0.8366303572281188,0.9794881277551476,0.9991445301481947,0.999989512730821,0.9999999659867527,0.9999999999737875,0.9999999999999964,0.9999999999999998
clip     | alpha=0.0449013671875,774,0.046944000416879364,0.005666841433927989,0.016678380422077987,0.046944000416879364,0.08881039281119514,0.16980607460354263,0.3044117724856249,0.4862096836661874,0.6791283109699614,0.8366303572281188,0.9794881277551476,0.9991445301481947,0.999989512730821,0.9999999659867527,0.9999999999737875,0.9999999999999964,0.9999999999999998
clip     | alpha=0.0449013671875,775,0.04696674123776436,0.005666841638178089,0.01667894145303747,0.04696674123776436,0.0889012542740913,0.17007255729719972,0.3049855263803804,0.48711599564174907,0.6801771909817774,0.8375177918651564,0.9797332486784429,0.9991629982565526,0.9999898744634816,0.9999999677137611,0.9999999999756364,0.9999999999999969,0.9999999999999998
clip     | alpha=0.0449013671875,776,0.04696674123776436,0.005666841638178089,0.01667894145303747,0.04696674123776436,0.0889012542740913,0.17007255729719972,0.3049855263803804,0.48711599564174907,0.6801771909817774,0.8375177918651564,0.9797332486784429,0.9991629982565526,0.9999898744634816,0.9999999677137611,0.9999999999756364,0.9999999999999969,0.9999999999999998
clip     | alpha=0.0449013671875,777,0.04699220378178649,0.005666841864586799,0.016679568625606787,0.04699220378178649,0.08900294974871836,0.17037045642885063,0.30562563698302764,0.4881242844733877,0.6813398614972244,0.8384971301343587,0.9800006806428395,0.9991828495725393,0.9999902561604015,0.9999999694958632,0.9999999999774946,0.9999999999999973,0.9999999999999998
clip     | alpha=0.0449013671875,778,0.04699220378178649,0.005666841864586799,0.016679568625606787,0.04699220378178649,0.08900294974871836,0.17037045642885063,0.30562563698302764,0.4881242844733877,0.6813398614972244,0.8384971301343587,0.9800006806428395,0.9991828495725393,0.9999902561604015,0.9999999694958632,0.9999999999774946,0.9999999999999973,0.9999999999999998
clip     | alpha=0.0449013671875,779,0.047019582068466376,0.005666842105595541,0.016680241906207854,0.047019582068466376,0.08911225281587552,0.17069025629929657,0.3063114302445816,0.4892014960533649,0.6825775071697032,0.8395349880315037,0.9802808722120836,0.9992033406601071,0.9999906429354121,0.9999999712618178,0.999999999979288,0.9999999999999977,0.9999999999999998
clip     | alpha=0.0449013671875,780,0.047019582068466376,0.005666842105595541,0.016680241906207854,0.047019582068466376,0.08911225281587552,0.17069025629929657,0.3063114302445816,0.4892014960533649,0.6825775071697032,0.8395349880315037,0.9802808722120836,0.9992033406601071,0.9999906429354121,0.9999999712618178,0.999999999979288,0.9999999999999977,0.9999999999999998
clip     | alpha=0.0449013671875,781,0.04704847056503268,0.005666842357355504,0.01668095118887613,0.04704847056503268,0.08922753900148128,0.171027156701692,0.3070324474134715,0.4903308531107841,0.6838703632912707,0.8406143255233496,0.9805689508219935,0.9992240971979786,0.999991027538138,0.999999972979096,0.9999999999809865,0.999999999999998,0.9999999999999998
clip     | alpha=0.0449013671875,782,0.04704847056503268,0.005666842357355504,0.01668095118887613,0.04704847056503268,0.08922753900148128,0.171027156701692,0.3070324474134715,0.4903308531107841,0.6838703632912707,0.8406143255233496,0.9805689508219935,0.9992240971979786,0.999991027538138,0.999999972979096,0.9999999999809865,0.999999999999998,0.9999999999999998
clip     | alpha=0.0449013671875,783,0.0470786299196473,0.005666842617562497,0.016681690489415826,0.0470786299196473,0.08934784869510247,0.17137831521783134,0.3077824736027929,0.49150234680730337,0.6852065972169465,0.8417249188535565,0.9808620032953517,0.9992449000678478,0.9999914059325712,0.999999974631363,0.9999999999825783,0.9999999999999983,0.9999999999999998
clip     | alpha=0.0449013671875,784,0.0470786299196473,0.005666842617562497,0.016681690489415826,0.0470786299196473,0.08934784869510247,0.17137831521783134,0.3077824736027929,0.49150234680730337,0.6852065972169465,0.8417249188535565,0.9808620032953517,0.9992449000678478,0.9999914059325712,0.999999974631363,0.9999999999825783,0.9999999999999983,0.9999999999999998
clip     | alpha=0.0449013671875,785,0.04710990377001359,0.00566684288468684,0.016682455883155513,0.04710990377001359,0.08947255435890197,0.17174186767783836,0.30855741606325826,0.49270935675417743,0.6865783536280546,0.8428599690440362,0.9811581057288365,0.9992656088135714,0.9999917757090871,0.9999999762103626,0.9999999999840598,0.9999999999999986,0.9999999999999998
clip     | alpha=0.0449013671875,786,0.04710990377001359,0.00566684288468684,0.016682455883155513,0.04710990377001359,0.08947255435890197,0.17174186767783836,0.30855741606325826,0.49270935675417743,0.6865783536280546,0.8428599690440362,0.9811581057288365,0.9992656088135714,0.9999917757090871,0.9999999762103626,0.9999999999840598,0.9999999999999986,0.9999999999999998
clip     | alpha=0.0449013671875,787,0.04714218250558429,0.005666843157637296,0.01668324460639664,0.04714218250558429,0.08960121555547251,0.17211650135944342,0.30935437938840055,0.4939471770296329,0.6879800287119839,0.8440146205356701,0.981455898678925,0.999286128002434,0.9999921353836827,0.9999999777123271,0.9999999999854323,0.9999999999999988,0.9999999999999998
clip     | alpha=0.0449013671875,788,0.04714218250558429,0.005666843157637296,0.01668324460639664,0.04714218250558429,0.08960121555547251,0.17211650135944342,0.30935437938840055,0.4939471770296329,0.6879800287119839,0.8440146205356701,0.981455898678925,0.999286128002434,0.9999921353836827,0.9999999777123271,0.9999999999854323,0.9999999999999988,0.9999999999999998
clip     | alpha=0.0449013671875,789,0.04717538520062384,0.005666843435593159,0.0166840546082881,0.04717538520062384,0.08973350666410075,0.1725012421340027,0.3101712041179746,0.4952122803552545,0.6894074079335696,0.8451852203156841,0.981754374056185,0.9993063902792515,0.9999924840434723,0.9999999791361597,0.9999999999866995,0.999999999999999,0.9999999999999998
clip     | alpha=0.0449013671875,790,0.04717538520062384,0.005666843435593159,0.0166840546082881,0.04717538520062384,0.08973350666410075,0.1725012421340027,0.3101712041179746,0.4952122803552545,0.6894074079335696,0.8451852203156841,0.981754374056185,0.9993063902792515,0.9999924840434723,0.9999999791361597,0.9999999999866995,0.999999999999999,0.9999999999999998
clip     | alpha=0.0449013671875,791,0.04717538520062384,0.005666843435593159,0.0166840546082881,0.04717538520062384,0.08973350666410075,0.1725012421340027,0.3101712041179746,0.4952122803552545,0.6894074079335696,0.8451852203156841,0.981754374056185,0.9993063902792515,0.9999924840434723,0.9999999791361597,0.9999999999866995,0.999999999999999,0.9999999999999998
clip     | alpha=0.0449013671875,792,0.04719241744558158,0.0056668435626365575,0.016684452862517258,0.04719241744558158,0.08980269862411981,0.17270617173033787,0.31061375888154275,0.495908682169222,0.6902047887960272,0.8458480862699908,0.981927436300836,0.9993183642800105,0.9999926930488132,0.999999979997768,0.9999999999874698,0.9999999999999991,0.9999999999999998
clip     | alpha=0.0449013671875,793,0.04719241744558158,0.0056668435626365575,0.016684452862517258,0.04719241744558158,0.08980269862411981,0.17270617173033787,0.31061375888154275,0.495908682169222,0.6902047887960272,0.8458480862699908,0.981927436300836,0.9993183642800105,0.9999926930488132,0.999999979997768,0.9999999999874698,0.9999999999999991,0.9999999999999998
clip     | alpha=0.0449013671875,794,0.047214114014886246,0.005666843722852774,0.016684959367989933,0.047214114014886246,0.08989080372525829,0.172966804146662,0.3111754789137669,0.4967901178968363,0.6912103770138798,0.8466803205142727,0.9821422484207504,0.9993330072673823,0.9999929439552687,0.9999999810092812,0.9999999999883504,0.9999999999999992,0.9999999999999998
clip     | alpha=0.0449013671875,795,0.047214114014886246,0.005666843722852774,0.016684959367989933,0.047214114014886246,0.08989080372525829,0.172966804146662,0.3111754789137669,0.4967901178968363,0.6912103770138798,0.8466803205142727,0.9821422484207504,0.9993330072673823,0.9999929439552687,0.9999999810092812,0.9999999999883504,0.9999999999999992,0.9999999999999998
clip     | alpha=0.0449013671875,796,0.04723842742137454,0.0056668439005973705,0.01668552605526088,0.04723842742137454,0.08998949574672714,0.17325840429847686,0.3118026822704857,0.49777154257863254,0.692325981145095,0.8475995014742772,0.9823768067175135,0.9993487599913824,0.9999932089284108,0.9999999820539263,0.9999999999892363,0.9999999999999993,0.9999999999999998
clip     | alpha=0.0449013671875,797,0.04723842742137454,0.0056668439005973705,0.01668552605526088,0.04723842742137454,0.08998949574672714,0.17325840429847686,0.3118026822704857,0.49777154257863254,0.692325981145095,0.8475995014742772,0.9823768067175135,0.9993487599913824,0.9999932089284108,0.9999999820539263,0.9999999999892363,0.9999999999999993,0.9999999999999998
clip     | alpha=0.0449013671875,798,0.04726458844145934,0.005666844089936539,0.016686134830378296,0.04726458844145934,0.09009564505178304,0.1735716615847457,0.31247511827050245,0.498820788819437,0.6935143579641345,0.848574290380194,0.9826227284659591,0.9993650317974738,0.9999934776150038,0.9999999830898316,0.9999999999900918,0.9999999999999994,0.9999999999999998
clip     | alpha=0.0449013671875,799,0.04726458844145934,0.005666844089936539,0.016686134830378296,0.04726458844145934,0.09009564505178304,0.1735716615847457,0.31247511827050245,0.498820788819437,0.6935143579641345,0.848574290380194,0.9826227284659591,0.9993650317974738,0.9999934776150038,0.9999999830898316,0.9999999999900918,0.9999999999999994,0.9999999999999998
clip     | alpha=0.0449013671875,800,0.0472922089377021,0.005666844287839578,0.016686776539582122,0.0472922089377021,0.09020767140677131,0.17390186575704814,0.31318251244298995,0.49992148081335297,0.6947564854417817,0.8495886409452572,0.9828757229287454,0.9993815241950658,0.9999937449513921,0.9999999840977825,0.9999999999909026,0.9999999999999996,0.9999999999999998
clip     | alpha=0.0449013671875,801,0.0472922089377021,0.005666844287839578,0.016686776539582122,0.0472922089377021,0.09020767140677131,0.17390186575704814,0.31318251244298995,0.49992148081335297,0.6947564854417817,0.8495886409452572,0.9828757229287454,0.9993815241950658,0.9999937449513921,0.9999999840977825,0.9999999999909026,0.9999999999999996,0.9999999999999998
clip     | alpha=0.0449013671875,802,0.047321059099696326,0.005666844492486132,0.016687445745263946,0.047321059099696326,0.09032463837467966,0.1742462187863464,0.31391873984165863,0.5010638176179492,0.6960409382208453,0.8506328935069262,0.9831332157171768,0.9993980617693548,0.9999940081054874,0.9999999850680659,0.9999999999916628,0.9999999999999997,0.9999999999999998
clip     | alpha=0.0449013671875,803,0.047321059099696326,0.005666844492486132,0.016687445745263946,0.047321059099696326,0.09032463837467966,0.1742462187863464,0.31391873984165863,0.5010638176179492,0.6960409382208453,0.8506328935069262,0.9831332157171768,0.9993980617693548,0.9999940081054874,0.9999999850680659,0.9999999999916628,0.9999999999999997,0.9999999999999998
clip     | alpha=0.0449013671875,804,0.04735098831694278,0.005666844702663879,0.016688138869834765,0.04735098831694278,0.09044593161046705,0.17460287975340796,0.31467975410587,0.502241295762552,0.6973601072297522,0.8517006035965577,0.9833935009014053,0.9994145316383134,0.9999942653774818,0.9999999859957245,0.9999999999923707,0.9999999999999998,0.9999999999999998
clip     | alpha=0.0449013671875,805,0.04735098831694278,0.005666844702663879,0.016688138869834765,0.04735098831694278,0.09044593161046705,0.17460287975340796,0.31467975410587,0.502241295762552,0.6973601072297522,0.8517006035965577,0.9833935009014053,0.9994145316383134,0.9999942653774818,0.9999999859957245,0.9999999999923707,0.9999999999999998,0.9999999999999998
clip     | alpha=0.0449013671875,806,0.047381890687599154,0.005666844917505473,0.01668885338640613,0.047381890687599154,0.09057111862087724,0.17497054839776777,0.31546268414219447,0.5034492789123879,0.6987085486153922,0.8527871555081958,0.9836553693420773,0.9994308568121858,0.9999945157140125,0.9999999868784528,0.9999999999930267,0.9999999999999999,0.9999999999999998
clip     | alpha=0.0449013671875,807,0.047381890687599154,0.005666844917505473,0.01668885338640613,0.047381890687599154,0.09057111862087724,0.17497054839776777,0.31546268414219447,0.5034492789123879,0.6987085486153922,0.8527871555081958,0.9836553693420773,0.9994308568121858,0.9999945157140125,0.9999999868784528,0.9999999999930267,0.9999999999999999,0.9999999999999998
clip     | alpha=0.0449013671875,808,0.047413687804026605,0.00566684513635696,0.0166895874147289,0.047413687804026605,0.09069987876536856,0.1753482572000119,0.31626538294133555,0.5046842830110899,0.7000821578678811,0.8538890680211052,0.9839179219746162,0.9994469827502792,0.9999947584618929,0.99999998771553,0.9999999999936325,1.0,0.9999999999999998
clip     | alpha=0.0449013671875,809,0.047413687804026605,0.00566684513635696,0.0166895874147289,0.047413687804026605,0.09069987876536856,0.1753482572000119,0.31626538294133555,0.5046842830110899,0.7000821578678811,0.8538890680211052,0.9839179219746162,0.9994469827502792,0.9999947584618929,0.99999998771553,0.9999999999936325,1.0,0.9999999999999998
clip     | alpha=0.0449013671875,810,0.04744631928439191,0.00566684535870522,0.016690339498867324,0.04744631928439191,0.09083196475130173,0.17573525697958395,0.3170861792063869,0.5059435824828658,0.7014777144247127,0.8550036110735899,0.9841804663338546,0.9994628698733814,0.9999949932303595,0.9999999885072234,0.9999999999941906,1.0,0.9999999999999998
clip     | alpha=0.0449013671875,811,0.04744631928439191,0.00566684535870522,0.016690339498867324,0.04744631928439191,0.09083196475130173,0.17573525697958395,0.3170861792063869,0.5059435824828658,0.7014777144247127,0.8550036110735899,0.9841804663338546,0.9994628698733814,0.9999949932303595,0.9999999885072234,0.9999999999941906,1.0,0.9999999999999998
clip     | alpha=0.0449013671875,812,0.04744631928439191,0.00566684535870522,0.016690339498867324,0.04744631928439191,0.09083196475130173,0.17573525697958395,0.3170861792063869,0.5059435824828658,0.7014777144247127,0.8550036110735899,0.9841804663338546,0.9994628698733814,0.9999949932303595,0.9999999885072234,0.9999999999941906,1.0,0.9999999999999998
clip     | alpha=0.0449013671875,813,0.04746302822595846,0.005666845460148575,0.01669070860766657,0.04746302822595846,0.09090092444522294,0.17594101690461778,0.3175300812244481,0.5066355353660136,0.7022559077205779,0.85563359247796,0.9843324196282476,0.9994722413905149,0.9999951337085452,0.9999999889854366,0.9999999999945293,1.0,0.9999999999999998
clip     | alpha=0.0449013671875,814,0.04746302822595846,0.005666845460148575,0.01669070860766657,0.04746302822595846,0.09090092444522294,0.17594101690461778,0.3175300812244481,0.5066355353660136,0.7022559077205779,0.85563359247796,0.9843324196282476,0.9994722413905149,0.9999951337085452,0.9999999889854366,0.9999999999945293,1.0,0.9999999999999998
clip     | alpha=0.0449013671875,815,0.04748428807637707,0.005666845587930687,0.016691177496872527,0.04748428807637707,0.0909886311585854,0.1762023994781701,0.3180928527334175,0.5075103164237823,0.703236151159156,0.8564236153947765,0.9845208099811944,0.9994836884094415,0.9999953021525008,0.9999999895461944,0.999999999994916,1.0,0.9999999999999998
clip     | alpha=0.0449013671875,816,0.04748428807637707,0.005666845587930687,0.016691177496872527,0.04748428807637707,0.0909886311585854,0.1762023994781701,0.3180928527334175,0.5075103164237823,0.703236151159156,0.8564236153947765,0.9845208099811944,0.9994836884094415,0.9999953021525008,0.9999999895461944,0.999999999994916,1.0,0.9999999999999998
clip     | alpha=0.0449013671875,817,0.04750808740612212,0.005666845729545857,0.016691701554841377,0.04750808740612212,0.0910867751251085,0.17649453591220873,0.3187205790600538,0.5084833223266,0.704322510893685,0.8572952709572365,0.984726304601467,0.9994959901950966,0.9999954798556935,0.9999999901247196,0.9999999999953045,1.0,0.9999999999999998
clip     | alpha=0.0449013671875,818,0.04750808740612212,0.005666845729545857,0.016691701554841377,0.04750808740612212,0.0910867751251085,0.17649453591220873,0.3187205790600538,0.5084833223266,0.704322510893685,0.8572952709572365,0.984726304601467,0.9994959901950966,0.9999954798556935,0.9999999901247196,0.9999999999953045,1.0,0.9999999999999998
clip     | alpha=0.0449013671875,819,0.047533671914104535,0.005666845880261148,0.016692264020801813,0.047533671914104535,0.09119223862915614,0.1768080829045597,0.31939296156564745,0.50952261867393,0.7054786795674081,0.8582188157073581,0.9849415580288332,0.9995086857512823,0.9999956598848518,0.9999999906978813,0.9999999999956795,1.0,0.9999999999999998
clip     | alpha=0.0449013671875,820,0.047533671914104535,0.005666845880261148,0.016692264020801813,0.047533671914104535,0.09119223862915614,0.1768080829045597,0.31939296156564745,0.50952261867393,0.7054786795674081,0.8582188157073581,0.9849415580288332,0.9995086857512823,0.9999956598848518,0.9999999906978813,0.9999999999956795,1.0,0.9999999999999998
clip     | alpha=0.0449013671875,821,0.04756066195058134,0.005666846037666289,0.016692856437401607,0.04756066195058134,0.09130345144738365,0.17713832589906775,0.32009972899313505,0.5106119936272152,0.7066861674875035,0.8591790673102859,0.9851628235538586,0.9995215430391297,0.999995838864863,0.9999999912551261,0.9999999999960345,1.0,0.9999999999999998
clip     | alpha=0.0449013671875,822,0.04756066195058134,0.005666846037666289,0.016692856437401607,0.04756066195058134,0.09130345144738365,0.17713832589906775,0.32009972899313505,0.5106119936272152,0.7066861674875035,0.8591790673102859,0.9851628235538586,0.9995215430391297,0.999995838864863,0.9999999912551261,0.9999999999960345,1.0,0.9999999999999998
clip     | alpha=0.0449013671875,823,0.047588833364860854,0.0056668462003182435,0.01669347379524518,0.047588833364860854,0.09141948571688978,0.1774824724051178,0.3208347765251854,0.511741774316804,0.7079339048160215,0.8601669171060138,0.985387861733764,0.9995344262993453,0.9999960149184941,0.9999999917911616,0.9999999999963671,1.0,0.9999999999999998
clip     | alpha=0.0449013671875,824,0.047588833364860854,0.0056668462003182435,0.01669347379524518,0.047588833364860854,0.09141948571688978,0.1774824724051178,0.3208347765251854,0.511741774316804,0.7079339048160215,0.8601669171060138,0.985387861733764,0.9995344262993453,0.9999960149184941,0.9999999917911616,0.9999999999963671,1.0,0.9999999999999998
clip     | alpha=0.0449013671875,825,0.047618039674799086,0.005666846367259055,0.01669411280808111,0.047618039674799086,0.09153973446378995,0.17783869049985238,0.32159408313771165,0.5129055620349917,0.709214542868086,0.8611763086183851,0.9856151942302819,0.9995472485732878,0.9999961869263585,0.9999999923033198,0.9999999999966767,1.0,0.9999999999999998
clip     | alpha=0.0449013671875,826,0.047618039674799086,0.005666846367259055,0.01669411280808111,0.047618039674799086,0.09153973446378995,0.17783869049985238,0.32159408313771165,0.5129055620349917,0.709214542868086,0.8611763086183851,0.9856151942302819,0.9995472485732878,0.9999961869263585,0.9999999923033198,0.9999999999966767,1.0,0.9999999999999998
clip     | alpha=0.0449013671875,827,0.047648178161094824,0.005666846537805418,0.016694771161205206,0.047648178161094824,0.09166377154934124,0.17820568985000837,0.3223748037531246,0.5140988083419781,0.7105228398607202,0.8622029176717529,0.9858437770275379,0.9995599508342438,0.9999963542003143,0.9999999927903898,0.9999999999969633,1.0,0.9999999999999998
clip     | alpha=0.0449013671875,828,0.047648178161094824,0.005666846537805418,0.016694771161205206,0.047648178161094824,0.09166377154934124,0.17820568985000837,0.3223748037531246,0.5140988083419781,0.7105228398607202,0.8622029176717529,0.9858437770275379,0.9995599508342438,0.9999963542003143,0.9999999927903898,0.9999999999969633,1.0,0.9999999999999998
clip     | alpha=0.0449013671875,829,0.04767917296135219,0.005666846711443532,0.016695447136585738,0.04767917296135219,0.09179128183142979,0.17858251273775202,0.32317481625171596,0.515318104169388,0.7118548543331935,0.8632434921993206,0.9860728364831128,0.9995724914733386,0.9999965163182297,0.9999999932520274,0.999999999997228,1.0,0.9999999999999998
clip     | alpha=0.0449013671875,830,0.04767917296135219,0.005666846711443532,0.016695447136585738,0.04767917296135219,0.09179128183142979,0.17858251273775202,0.32317481625171596,0.515318104169388,0.7118548543331935,0.8632434921993206,0.9860728364831128,0.9995724914733386,0.9999965163182297,0.9999999932520274,0.999999999997228,1.0,0.9999999999999998
clip     | alpha=0.0449013671875,831,0.04771096578308814,0.00566684688777121,0.016696139406861054,0.04771096578308814,0.09192202279667641,0.17896841922452097,0.3239924724323235,0.5165607887323838,0.7132075010138686,0.8642954882715839,0.9863017786201904,0.9995848404547126,0.9999966730317699,0.9999999936884265,0.9999999999974717,1.0,0.9999999999999998
clip     | alpha=0.0449013671875,832,0.04771096578308814,0.00566684688777121,0.016696139406861054,0.04771096578308814,0.09192202279667641,0.17896841922452097,0.3239924724323235,0.5165607887323838,0.7132075010138686,0.8642954882715839,0.9863017786201904,0.9995848404547126,0.9999966730317699,0.9999999936884265,0.9999999999974717,1.0,0.9999999999999998
clip     | alpha=0.0449013671875,833,0.04771096578308814,0.00566684688777121,0.016696139406861054,0.04771096578308814,0.09192202279667641,0.17896841922452097,0.3239924724323235,0.5165607887323838,0.7132075010138686,0.8642954882715839,0.9863017786201904,0.9995848404547126,0.9999966730317699,0.9999999936884265,0.9999999999974717,1.0,0.9999999999999998
clip     | alpha=0.0449013671875,834,0.04772723809861972,0.005666846968182768,0.016696479010059342,0.04772723809861972,0.09199025012859552,0.17917350723514158,0.3244344809007066,0.5172433105265424,0.7139614336317203,0.8648898531215098,0.9864342253619532,0.9995921216704093,0.9999967667628811,0.999999993951912,0.9999999999976195,1.0,0.9999999999999998
clip     | alpha=0.0449013671875,835,0.04772723809861972,0.005666846968182768,0.016696479010059342,0.04772723809861972,0.09199025012859552,0.17917350723514158,0.3244344809007066,0.5172433105265424,0.7139614336317203,0.8648898531215098,0.9864342253619532,0.9995921216704093,0.9999967667628811,0.999999993951912,0.9999999999976195,1.0,0.9999999999999998
clip     | alpha=0.0449013671875,836,0.047747935613185834,0.005666847069439174,0.01669691027602283,0.047747935613185834,0.09207699693110091,0.17943395083209546,0.32499466805900273,0.5181058856848517,0.7149108059565417,0.8656349669999488,0.9865983778214784,0.9996010125344627,0.9999968791167115,0.9999999942607765,0.9999999999977882,1.0,0.9999999999999998
clip     | alpha=0.0449013671875,837,0.047747935613185834,0.005666847069439174,0.01669691027602283,0.047747935613185834,0.09207699693110091,0.17943395083209546,0.32499466805900273,0.5181058856848517,0.7149108059565417,0.8656349669999488,0.9865983778214784,0.9996010125344627,0.9999968791167115,0.9999999942607765,0.9999999999977882,1.0,0.9999999999999998
clip     | alpha=0.0449013671875,838,0.04777109797713656,0.00566684718162097,0.016697392128882563,0.04777109797713656,0.0921740355054849,0.17972494409986364,0.3256193105912187,0.5190650062738382,0.7159626139004184,0.8664568084321438,0.9867773763059783,0.9996105642171658,0.9999969976083883,0.9999999945793246,0.9999999999979576,1.0,0.9999999999999998
clip     | alpha=0.0449013671875,839,0.04777109797713656,0.00566684718162097,0.016697392128882563,0.04777109797713656,0.0921740355054849,0.17972494409986364,0.3256193105912187,0.5190650062738382,0.7159626139004184,0.8664568084321438,0.9867773763059783,0.9996105642171658,0.9999969976083883,0.9999999945793246,0.9999999999979576,1.0,0.9999999999999998
clip     | alpha=0.0449013671875,840,0.04779599000377902,0.0056668473009744156,0.016697909135841654,0.04779599000377902,0.0922782787765663,0.1800371670979121,0.326288182022481,0.5200891529797282,0.7170816626772728,0.8673273030744815,0.9869648170524069,0.9996204185788017,0.9999971176137081,0.9999999948948214,0.9999999999981211,1.0,0.9999999999999998
clip     | alpha=0.0449013671875,841,0.04779599000377902,0.0056668473009744156,0.016697909135841654,0.04779599000377902,0.0922782787765663,0.1800371670979121,0.326288182022481,0.5200891529797282,0.7170816626772728,0.8673273030744815,0.9869648170524069,0.9996204185788017,0.9999971176137081,0.9999999948948214,0.9999999999981211,1.0,0.9999999999999998
clip     | alpha=0.0449013671875,842,0.047822241691487126,0.0056668474255884985,0.016698453510542003,0.047822241691487126,0.09238817208548292,0.18036591760700368,0.32699104932081396,0.521162328425234,0.7182500347928764,0.868232126361685,0.9871574356659031,0.999630395503655,0.999997236884128,0.9999999952014653,0.9999999999982758,1.0,0.9999999999999998
clip     | alpha=0.0449013671875,843,0.047822241691487126,0.0056668474255884985,0.016698453510542003,0.047822241691487126,0.09238817208548292,0.18036591760700368,0.32699104932081396,0.521162328425234,0.7182500347928764,0.868232126361685,0.9871574356659031,0.999630395503655,0.999997236884128,0.9999999952014653,0.9999999999982758,1.0,0.9999999999999998
clip     | alpha=0.0449013671875,844,0.04784963462807667,0.005666847554319659,0.016699020642170968,0.04784963462807667,0.09250279695669307,0.18070841113512803,0.3277218322933149,0.5222749914936293,0.7194570083099802,0.8691626894614342,0.9873532826511452,0.9996403897326732,0.9999973541709958,0.9999999954963541,0.9999999999984208,1.0,0.9999999999999998
clip     | alpha=0.0449013671875,845,0.04784963462807667,0.005666847554319659,0.016699020642170968,0.04784963462807667,0.09250279695669307,0.18070841113512803,0.3277218322933149,0.5222749914936293,0.7194570083099802,0.8691626894614342,0.9873532826511452,0.9996403897326732,0.9999973541709958,0.9999999954963541,0.9999999999984208,1.0,0.9999999999999998
clip     | alpha=0.0449013671875,846,0.04787802612314623,0.005666847686409236,0.01669960750703853,0.04787802612314623,0.09262155274275467,0.18106282166128912,0.3284765278775919,0.5234208339936659,0.7206954700836005,0.8701132859210379,0.9875510724261499,0.9996503339406938,0.999997468731347,0.9999999957780304,0.9999999999985557,1.0,0.9999999999999998
clip     | alpha=0.0449013671875,847,0.04787802612314623,0.005666847686409236,0.01669960750703853,0.04787802612314623,0.09262155274275467,0.18106282166128912,0.3284765278775919,0.5234208339936659,0.7206954700836005,0.8701132859210379,0.9875510724261499,0.9996503339406938,0.999997468731347,0.9999999957780304,0.9999999999985557,1.0,0.9999999999999998
clip     | alpha=0.0449013671875,848,0.04790731615325696,0.005666847821316489,0.016700211976325423,0.04790731615325696,0.09274401791046875,0.18142786358125318,0.3292523052056594,0.5245953746782622,0.7219603501727232,0.8710798450850828,0.9877498981934769,0.9996601825064552,0.9999975801097969,0.999999996045839,0.9999999999986806,1.0,0.9999999999999998
clip     | alpha=0.0449013671875,849,0.04790731615325696,0.005666847821316489,0.016700211976325423,0.04790731615325696,0.09274401791046875,0.18142786358125318,0.3292523052056594,0.5245953746782622,0.7219603501727232,0.8710798450850828,0.9877498981934769,0.9996601825064552,0.9999975801097969,0.999999996045839,0.9999999999986806,1.0,0.9999999999999998
clip     | alpha=0.0449013671875,850,0.04793743087849391,0.0056668479586351565,0.01670083247077141,0.04793743087849391,0.09286988086318405,0.18180258317214484,0.3300470540207314,0.5257952572203903,0.7232478395005132,0.8720593085129268,0.9879490888804507,0.9996699033355814,0.9999976880282058,0.9999999962996006,0.9999999999987959,1.0,0.9999999999999998
clip     | alpha=0.0449013671875,851,0.04793743087849391,0.0056668479586351565,0.01670083247077141,0.04793743087849391,0.09286988086318405,0.18180258317214484,0.3300470540207314,0.5257952572203903,0.7232478395005132,0.8720593085129268,0.9879490888804507,0.9996699033355814,0.9999976880282058,0.9999999962996006,0.9999999999987959,1.0,0.9999999999999998
clip     | alpha=0.0449013671875,852,0.04796831358683522,0.005666848098047507,0.016701467770903616,0.04796831358683522,0.09299890193289549,0.18218624398840774,0.3308591363918286,0.52701786397898,0.7245549590414992,0.873049286172624,0.9881481299879808,0.999679473315292,0.9999977923241178,0.9999999965394313,0.9999999999989019,1.0,0.9999999999999998
clip     | alpha=0.0449013671875,853,0.04796831358683522,0.005666848098047507,0.016701467770903616,0.04796831358683522,0.09299890193289549,0.18218624398840774,0.3308591363918286,0.52701786397898,0.7245549590414992,0.873049286172624,0.9881481299879808,0.999679473315292,0.9999977923241178,0.9999999965394313,0.9999999999989019,1.0,0.9999999999999998
clip     | alpha=0.0449013671875,854,0.04796831358683522,0.005666848098047507,0.016701467770903616,0.04796831358683522,0.09299890193289549,0.18218624398840774,0.3308591363918286,0.52701786397898,0.7245549590414992,0.873049286172624,0.9881481299879808,0.999679473315292,0.9999977923241178,0.9999999965394313,0.9999999999989019,1.0,0.9999999999999998
clip     | alpha=0.0449013671875,855,0.04798411646395031,0.005666848161609827,0.01670177935518042,0.04798411646395031,0.0930662163114226,0.1823900918411608,0.3312980312065955,0.5276892045809004,0.7252833490335991,0.8736084832523662,0.9882632521208393,0.9996851146813234,0.9999978546897073,0.9999999966842011,0.9999999999989662,1.0,0.9999999999999998
clip     | alpha=0.0449013671875,856,0.04798411646395031,0.005666848161609827,0.01670177935518042,0.04798411646395031,0.0930662163114226,0.1823900918411608,0.3312980312065955,0.5276892045809004,0.7252833490335991,0.8736084832523662,0.9882632521208393,0.9996851146813234,0.9999978546897073,0.9999999966842011,0.9999999999989662,1.0,0.9999999999999998
clip     | alpha=0.0449013671875,857,0.0480042133261888,0.005666848241635073,0.016702174969678654,0.0480042133261888,0.09315178722733644,0.1826489148049198,0.3318541739326626,0.5285374989592517,0.7262003953213294,0.8743093858702213,0.9884059075139641,0.9996920019591866,0.9999979294330301,0.9999999968538741,0.9999999999990395,1.0,0.9999999999999998
clip     | alpha=0.0449013671875,858,0.0480042133261888,0.005666848241635073,0.016702174969678654,0.0480042133261888,0.09315178722733644,0.1826489148049198,0.3318541739326626,0.5285374989592517,0.7262003953213294,0.8743093858702213,0.9884059075139641,0.9996920019591866,0.9999979294330301,0.9999999968538741,0.9999999999990395,1.0,0.9999999999999998
clip     | alpha=0.0449013671875,859,0.04802669948551868,0.005666848330279054,0.016702616910175338,0.04802669948551868,0.09324749329139347,0.18293804563725163,0.3324741958022665,0.5294805717174272,0.7272162076509919,0.8750823251978213,0.9885614369145919,0.999699399815057,0.9999980082454581,0.9999999970288355,0.9999999999991133,1.0,0.9999999999999998
clip     | alpha=0.0449013671875,860,0.04802669948551868,0.005666848330279054,0.016702616910175338,0.04802669948551868,0.09324749329139347,0.18293804563725163,0.3324741958022665,0.5294805717174272,0.7272162076509919,0.8750823251978213,0.9885614369145919,0.999699399815057,0.9999980082454581,0.9999999970288355,0.9999999999991133,1.0,0.9999999999999998
clip     | alpha=0.0449013671875,861,0.04805086052225801,0.005666848424573198,0.016703091008754632,0.04805086052225801,0.09335028687000586,0.18324821525933185,0.33313800155119416,0.5304874038440895,0.7282967678245021,0.8759008774013486,0.9887242727759276,0.9997070307434986,0.9999980880504884,0.9999999972020901,0.9999999999991843,1.0,0.9999999999999998
clip     | alpha=0.0449013671875,862,0.04805086052225801,0.005666848424573198,0.016703091008754632,0.04805086052225801,0.09335028687000586,0.18324821525933185,0.33313800155119416,0.5304874038440895,0.7282967678245021,0.8759008774013486,0.9887242727759276,0.9997070307434986,0.9999980880504884,0.9999999972020901,0.9999999999991843,1.0,0.9999999999999998
clip     | alpha=0.0449013671875,863,0.048076336839369994,0.005666848523006261,0.016703590116496626,0.048076336839369994,0.09345863297755602,0.18357474663165232,0.3338354238170306,0.531542251465709,0.7294247577777715,0.8767515611909634,0.9888915775798713,0.9997147552313482,0.999998167352942,0.9999999973704538,0.9999999999992516,1.0,0.9999999999999998
clip     | alpha=0.0449013671875,864,0.048076336839369994,0.005666848523006261,0.016703590116496626,0.048076336839369994,0.09345863297755602,0.18357474663165232,0.3338354238170306,0.531542251465709,0.7294247577777715,0.8767515611909634,0.9888915775798713,0.9997147552313482,0.999998167352942,0.9999999973704538,0.9999999999992516,1.0,0.9999999999999998
clip     | alpha=0.0449013671875,865,0.048102916144714784,0.005666848624674002,0.016704109999787328,0.048102916144714784,0.09357162467714633,0.1839148699959593,0.3345604213148653,0.5326357250378828,0.7305898154024428,0.877626294838125,0.9890616573526502,0.9997224917915218,0.999998245323184,0.9999999975323355,0.9999999999993147,1.0,0.9999999999999998
clip     | alpha=0.0449013671875,866,0.048102916144714784,0.005666848624674002,0.016704109999787328,0.048102916144714784,0.09357162467714633,0.1839148699959593,0.3345604213148653,0.5326357250378828,0.7305898154024428,0.877626294838125,0.9890616573526502,0.9997224917915218,0.999998245323184,0.9999999975323355,0.9999999999993147,1.0,0.9999999999999998
clip     | alpha=0.0449013671875,867,0.04813045973640594,0.005666848728976645,0.01670464788224045,0.04813045973640594,0.09368866883306969,0.18426676895641925,0.3353090167455266,0.5337616172610018,0.7317850675876824,0.8785197103166525,0.9892333955450909,0.9997301883413633,0.9999983214681339,0.9999999976869383,0.9999999999993733,1.0,0.9999999999999998
clip     | alpha=0.0449013671875,868,0.04813045973640594,0.005666848728976645,0.01670464788224045,0.04813045973640594,0.09368866883306969,0.18426676895641925,0.3353090167455266,0.5337616172610018,0.7317850675876824,0.8785197103166525,0.9892333955450909,0.9997301883413633,0.9999983214681339,0.9999999976869383,0.9999999999993733,1.0,0.9999999999999998
clip     | alpha=0.0449013671875,869,0.04815887038334627,0.00566684883548681,0.01670520180919742,0.04815887038334627,0.09380934917525467,0.18462916471630508,0.33607839771913217,0.5349155193341607,0.733005616793395,0.8794279797915656,0.9894060050529662,0.9997378096205395,0.9999983954860637,0.9999999978339054,0.9999999999994276,1.0,0.9999999999999998
clip     | alpha=0.0449013671875,870,0.04815887038334627,0.00566684883548681,0.01670520180919742,0.04815887038334627,0.09380934917525467,0.18462916471630508,0.33607839771913217,0.5349155193341607,0.733005616793395,0.8794279797915656,0.9894060050529662,0.9997378096205395,0.9999983954860637,0.9999999978339054,0.9999999999994276,1.0,0.9999999999999998
clip     | alpha=0.0449013671875,871,0.04818807630681214,0.005666848943883513,0.016705770330696687,0.04818807630681214,0.09393335800239448,0.18500110866693906,0.33686646805570863,0.5360941299705898,0.7342477847065579,0.880348228535049,0.9895789037853618,0.9997453308514684,0.9999984671931426,0.9999999979731417,0.9999999999994776,1.0,0.9999999999999998
clip     | alpha=0.0449013671875,872,0.04818807630681214,0.005666848943883513,0.016705770330696687,0.04818807630681214,0.09393335800239448,0.18500110866693906,0.33686646805570863,0.5360941299705898,0.7342477847065579,0.880348228535049,0.9895789037853618,0.9997453308514684,0.9999984671931426,0.9999999979731417,0.9999999999994776,1.0,0.9999999999999998
clip     | alpha=0.0449013671875,873,0.04821802237949513,0.005666849053915815,0.016706352327228346,0.04821802237949513,0.09406045865457069,0.18538186839110088,0.3376716010625188,0.5372948752016666,0.7355086957045945,0.8812782112132409,0.9897516458142188,0.9997527342152139,0.9999985364824531,0.9999999981047138,0.9999999999995237,1.0,0.9999999999999998
clip     | alpha=0.0449013671875,874,0.04821802237949513,0.005666849053915815,0.016706352327228346,0.04821802237949513,0.09406045865457069,0.18538186839110088,0.3376716010625188,0.5372948752016666,0.7355086957045945,0.8812782112132409,0.9897516458142188,0.9997527342152139,0.9999985364824531,0.9999999981047138,0.9999999999995237,1.0,0.9999999999999998
clip     | alpha=0.0449013671875,875,0.048248664922481324,0.005666849165381278,0.016706946906683277,0.048248664922481324,0.09419046332544079,0.18577086024403638,0.3384924935471209,0.5385156832477386,0.7367860299537111,0.8822161197396065,0.9899238803429408,0.9997600067406782,0.9999986032993722,0.9999999982287909,0.999999999999566,1.0,0.9999999999999998
clip     | alpha=0.0449013671875,876,0.048248664922481324,0.005666849165381278,0.016706946906683277,0.048248664922481324,0.09419046332544079,0.18577086024403638,0.3384924935471209,0.5385156832477386,0.7367860299537111,0.8822161197396065,0.9899238803429408,0.9997600067406782,0.9999986032993722,0.9999999982287909,0.999999999999566,1.0,0.9999999999999998
clip     | alpha=0.0449013671875,877,0.048248664922481324,0.005666849165381278,0.016706946906683277,0.048248664922481324,0.09419046332544079,0.18577086024403638,0.3384924935471209,0.5385156832477386,0.7367860299537111,0.8822161197396065,0.9899238803429408,0.9997600067406782,0.9999986032993722,0.9999999982287909,0.999999999999566,1.0,0.9999999999999998
clip     | alpha=0.0449013671875,878,0.048264316684803014,0.005666849216110297,0.01670723799457743,0.048264316684803014,0.09425816880455148,0.18597716861864486,0.33893535135309183,0.5391848296720901,0.7374965410701283,0.8827449516361721,0.990023318696726,0.9997642860745374,0.9999986431818241,0.9999999983035531,0.9999999999995917,1.0,0.9999999999999998
clip     | alpha=0.0449013671875,879,0.048264316684803014,0.005666849216110297,0.01670723799457743,0.048264316684803014,0.09425816880455148,0.18597716861864486,0.33893535135309183,0.5391848296720901,0.7374965410701283,0.8827449516361721,0.990023318696726,0.9997642860745374,0.9999986431818241,0.9999999983035531,0.9999999999995917,1.0,0.9999999999999998
clip     | alpha=0.0449013671875,880,0.048284197160705526,0.005666849279900678,0.01670760713554706,0.048284197160705526,0.09434413220671772,0.1862387970648131,0.33949583320512616,0.5400293231046491,0.7383899897342276,0.8834069880365725,0.9901463894144279,0.9997695041569642,0.9999986909216312,0.9999999983910692,0.9999999999996209,1.0,0.9999999999999998
clip     | alpha=0.0449013671875,881,0.048284197160705526,0.005666849279900678,0.01670760713554706,0.048284197160705526,0.09434413220671772,0.1862387970648131,0.33949583320512616,0.5400293231046491,0.7383899897342276,0.8834069880365725,0.9901463894144279,0.9997695041569642,0.9999986909216312,0.9999999983910692,0.9999999999996209,1.0,0.9999999999999998
clip     | alpha=0.0449013671875,882,0.048306416403398084,0.0056668493504825005,0.016708019042665362,0.048306416403398084,0.09444017003237613,0.1865307359938229,0.3401199958167111,0.5409671233360284,0.7393785593877072,0.8841362524807234,0.9902804170896968,0.9997751028240577,0.9999987412043108,0.9999999984812125,0.9999999999996502,1.0,0.9999999999999998
clip     | alpha=0.0449013671875,883,0.048306416403398084,0.0056668493504825005,0.016708019042665362,0.048306416403398084,0.09444017003237613,0.1865307359938229,0.3401199958167111,0.5409671233360284,0.7393785593877072,0.8841362524807234,0.9902804170896968,0.9997751028240577,0.9999987412043108,0.9999999984812125,0.9999999999996502,1.0,0.9999999999999998
clip     | alpha=0.0449013671875,884,0.04833026646877368,0.0056668494254871835,0.016708460475049768,0.04833026646877368,0.09454321549836234,0.18684360093790245,0.3407875580980999,0.541967312717613,0.7404290756756904,0.88490777046804,0.9904205990346299,0.999780872032078,0.9999987920687208,0.999999998570386,0.9999999999996784,1.0,0.9999999999999998
clip     | alpha=0.0449013671875,885,0.04833026646877368,0.0056668494254871835,0.016708460475049768,0.04833026646877368,0.09454321549836234,0.18684360093790245,0.3407875580980999,0.541967312717613,0.7404290756756904,0.88490777046804,0.9904205990346299,0.999780872032078,0.9999987920687208,0.999999998570386,0.9999999999996784,1.0,0.9999999999999998
clip     | alpha=0.0449013671875,886,0.04835539175722846,0.005666849503712091,0.01670892476602891,0.04835539175722846,0.09465172721089983,0.1871726668976238,0.3414882820968252,0.543014237077336,0.7415246944550474,0.885708836346309,0.990564495736228,0.9997867066028789,0.9999988425663248,0.9999999986569625,0.999999999999705,1.0,0.9999999999999998
clip     | alpha=0.0449013671875,887,0.04835539175722846,0.005666849503712091,0.01670892476602891,0.04835539175722846,0.09465172721089983,0.1871726668976238,0.3414882820968252,0.543014237077336,0.7415246944550474,0.885708836346309,0.990564495736228,0.9997867066028789,0.9999988425663248,0.9999999986569625,0.999999999999705,1.0,0.9999999999999998
clip     | alpha=0.0449013671875,888,0.04838158286340656,0.0056668495844398765,0.016709407977908576,0.04838158286340656,0.09476479675726689,0.18751514303451525,0.3422161012752248,0.5440985875487648,0.7426553685626973,0.8865318588548624,0.9907106565321055,0.9997925453939074,0.9999988921739953,0.9999999987401361,0.99999999999973,1.0,0.9999999999999998
clip     | alpha=0.0449013671875,889,0.04838158286340656,0.0056668495844398765,0.016709407977908576,0.04838158286340656,0.09476479675726689,0.18751514303451525,0.3422161012752248,0.5440985875487648,0.7426553685626973,0.8865318588548624,0.9907106565321055,0.9997925453939074,0.9999988921739953,0.9999999987401361,0.99999999999973,1.0,0.9999999999999998
clip     | alpha=0.0449013671875,890,0.0484087033429426,0.0056668496671963085,0.01670990753565556,0.0484087033429426,0.09488183166588914,0.18786920429530313,0.3429670334925012,0.545214229351026,0.7438144559090671,0.8873718136828056,0.9908581292545229,0.9997983495313525,0.9999989405831651,0.9999999988195089,0.9999999999997532,1.0,0.9999999999999998
clip     | alpha=0.0449013671875,891,0.0484087033429426,0.0056668496671963085,0.01670990753565556,0.0484087033429426,0.09488183166588914,0.18786920429530313,0.3429670334925012,0.545214229351026,0.7438144559090671,0.8873718136828056,0.9908581292545229,0.9997983495313525,0.9999989405831651,0.9999999988195089,0.9999999999997532,1.0,0.9999999999999998
clip     | alpha=0.0449013671875,892,0.048436657810650076,0.005666849751644589,0.016710421631547345,0.048436657810650076,0.09500241728864528,0.18823356945770744,0.3437382713134643,0.5463568188390822,0.7449972393127923,0.8882251308605158,0.9910062455480391,0.9998040928483046,0.9999989876068626,0.9999999988949082,0.9999999999997746,1.0,0.9999999999999998
clip     | alpha=0.0449013671875,893,0.048436657810650076,0.005666849751644589,0.016710421631547345,0.048436657810650076,0.09500241728864528,0.18823356945770744,0.3437382713134643,0.5463568188390822,0.7449972393127923,0.8882251308605158,0.9910062455480391,0.9998040928483046,0.9999989876068626,0.9999999988949082,0.9999999999997746,1.0,0.9999999999999998
clip     | alpha=0.0449013671875,894,0.048465376039351506,0.005666849837532578,0.01671094892833838,0.048465376039351506,0.0951262479523675,0.1886072907497306,0.344527728278043,0.547523113344674,0.7462001872709291,0.8890891385462939,0.9911545132422278,0.9998097570725639,0.9999990331327557,0.9999999989662948,0.9999999999997944,1.0,0.9999999999999998
clip     | alpha=0.0449013671875,895,0.048465376039351506,0.005666849837532578,0.01671094892833838,0.048465376039351506,0.0951262479523675,0.1886072907497306,0.344527728278043,0.547523113344674,0.7462001872709291,0.8890891385462939,0.9911545132422278,0.9998097570725639,0.9999990331327557,0.9999999989662948,0.9999999999997944,1.0,0.9999999999999998
clip     | alpha=0.0449013671875,896,0.048494804230471596,0.005666849924663747,0.01671148839625193,0.048494804230471596,0.09525308915944335,0.18898963831771223,0.3453337896277805,0.548710591777508,0.7474205472367104,0.8899617566498417,0.9913025568727964,0.9998153291557433,0.9999990770970059,0.9999999990337111,0.9999999999998126,1.0,0.9999999999999998
clip     | alpha=0.0449013671875,897,0.048494804230471596,0.005666849924663747,0.01671148839625193,0.048494804230471596,0.09525308915944335,0.18898963831771223,0.3453337896277805,0.548710591777508,0.7474205472367104,0.8899617566498417,0.9913025568727964,0.9998153291557433,0.9999990770970059,0.9999999990337111,0.9999999999998126,1.0,0.9999999999999998
clip     | alpha=0.0449013671875,898,0.048494804230471596,0.005666849924663747,0.01671148839625193,0.048494804230471596,0.09525308915944335,0.18898963831771223,0.3453337896277805,0.548710591777508,0.7474205472367104,0.8899617566498417,0.9913025568727964,0.9998153291557433,0.9999990770970059,0.9999999990337111,0.9999999999998126,1.0,0.9999999999999998
clip     | alpha=0.0449013671875,899,0.04850985204459253,0.005666849964361059,0.01671175279005648,0.04850985204459253,0.09531921887208943,0.18919264301812358,0.3457691185600191,0.5493621765390367,0.74810010391036,0.8904543094430594,0.9913881216140898,0.9998186114681931,0.9999991033673936,0.9999999990743766,0.9999999999998236,1.0,0.9999999999999998
clip     | alpha=0.0449013671875,900,0.04850985204459253,0.005666849964361059,0.01671175279005648,0.04850985204459253,0.09531921887208943,0.18919264301812358,0.3457691185600191,0.5493621765390367,0.74810010391036,0.8904543094430594,0.9913881216140898,0.9998186114681931,0.9999991033673936,0.9999999990743766,0.9999999999998236,1.0,0.9999999999999998
clip     | alpha=0.0449013671875,901,0.048528978292652535,0.005666850014313033,0.016712088305266354,0.048528978292652535,0.09540323820890004,0.18945025557746595,0.34632044347180313,0.5501850610126355,0.7489552045723253,0.8910713445113867,0.9914940929680149,0.9998226165142917,0.9999991348345956,0.9999999991220117,0.9999999999998361,1.0,0.9999999999999998
clip     | alpha=0.0449013671875,902,0.048528978292652535,0.005666850014313033,0.016712088305266354,0.048528978292652535,0.09540323820890004,0.18945025557746595,0.34632044347180313,0.5501850610126355,0.7489552045723253,0.8910713445113867,0.9914940929680149,0.9998226165142917,0.9999991348345956,0.9999999991220117,0.9999999999998361,1.0,0.9999999999999998
clip     | alpha=0.0449013671875,903,0.048550366848244916,0.005666850069614865,0.016712462905857064,0.048550366848244916,0.09549715801113574,0.18973787835599823,0.34693476114307914,0.5510993892315749,0.7499018865513665,0.8917514279747485,0.9916095651656104,0.9998269161377635,0.9999991679969287,0.9999999991711047,0.9999999999998488,1.0,0.9999999999999998
clip     | alpha=0.0449013671875,904,0.048550366848244916,0.005666850069614865,0.016712462905857064,0.048550366848244916,0.09549715801113574,0.18973787835599823,0.34693476114307914,0.5510993892315749,0.7499018865513665,0.8917514279747485,0.9916095651656104,0.9998269161377635,0.9999991679969287,0.9999999991711047,0.9999999999998488,1.0,0.9999999999999998
clip     | alpha=0.0449013671875,905,0.04857333631756154,0.005666850128410384,0.016712864551014183,0.04857333631756154,0.09559797945703265,0.1900462662735288,0.3475921104838078,0.5520750148844017,0.7509083750330455,0.8924712620714463,0.9917303977907906,0.9998313488665761,0.9999992015590853,0.9999999992196931,0.999999999999861,1.0,0.9999999999999998
clip     | alpha=0.0449013671875,906,0.04857333631756154,0.005666850128410384,0.016712864551014183,0.04857333631756154,0.09559797945703265,0.1900462662735288,0.3475921104838078,0.5520750148844017,0.7509083750330455,0.8924712620714463,0.9917303977907906,0.9998313488665761,0.9999992015590853,0.9999999992196931,0.999999999999861,1.0,0.9999999999999998
clip     | alpha=0.0449013671875,907,0.04859754367799651,0.005666850189754921,0.016713287164724627,0.04859754367799651,0.09570419196017495,0.19037075409511292,0.34828239228838176,0.5530966393130907,0.7519584987787298,0.8932189658652946,0.9918544824126274,0.9998358336231062,0.9999992348926386,0.9999999992668853,0.9999999999998725,1.0,0.9999999999999998
clip     | alpha=0.0449013671875,908,0.04859754367799651,0.005666850189754921,0.016713287164724627,0.04859754367799651,0.09570419196017495,0.19037075409511292,0.34828239228838176,0.5530966393130907,0.7519584987787298,0.8932189658652946,0.9918544824126274,0.9998358336231062,0.9999992348926386,0.9999999992668853,0.9999999999998725,1.0,0.9999999999999998
clip     | alpha=0.0449013671875,909,0.04862278642266047,0.005666850253083571,0.016713727149138657,0.04862278642266047,0.09581490302535288,0.1907085793490317,0.3489996071536396,0.554155142060438,0.7530425874629374,0.8939874225923566,0.9919805618826072,0.9998403231361906,0.9999992676497824,0.9999999993122379,0.9999999999998833,1.0,0.9999999999999998
clip     | alpha=0.0449013671875,910,0.04862278642266047,0.005666850253083571,0.016713727149138657,0.04862278642266047,0.09581490302535288,0.1907085793490317,0.3489996071536396,0.554155142060438,0.7530425874629374,0.8939874225923566,0.9919805618826072,0.9998403231361906,0.9999992676497824,0.9999999993122379,0.9999999999998833,1.0,0.9999999999999998
clip     | alpha=0.0449013671875,911,0.04864893226122638,0.005666850318021947,0.01671418214543939,0.04864893226122638,0.09592952906236538,0.19105793090768997,0.3497398070197849,0.555244497417444,0.7541542321760897,0.8947719102452896,0.9921078089115073,0.9998447872625157,0.9999992996245433,0.9999999993555303,0.9999999999998933,1.0,0.9999999999999998
clip     | alpha=0.0449013671875,912,0.04864893226122638,0.005666850318021947,0.01671418214543939,0.04864893226122638,0.09592952906236538,0.19105793090768997,0.3497398070197849,0.555244497417444,0.7541542321760897,0.8947719102452896,0.9921078089115073,0.9998447872625157,0.9999992996245433,0.9999999993555303,0.9999999999998933,1.0,0.9999999999999998
clip     | alpha=0.0449013671875,913,0.04867588848138261,0.0056668503843035544,0.016714650493641466,0.04867588848138261,0.09604766062382526,0.19141753421463187,0.3505002018235439,0.5563604290170423,0.755288870950525,0.8955690660754481,0.9922356414300301,0.9998492056533372,0.9999993306915207,0.9999999993966652,0.9999999999999026,1.0,0.9999999999999998
clip     | alpha=0.0449013671875,914,0.04867588848138261,0.0056668503843035544,0.016714650493641466,0.04867588848138261,0.09604766062382526,0.19141753421463187,0.3505002018235439,0.5563604290170423,0.755288870950525,0.8955690660754481,0.9922356414300301,0.9998492056533372,0.9999993306915207,0.9999999993966652,0.9999999999999026,1.0,0.9999999999999998
clip     | alpha=0.0449013671875,915,0.04870358666543438,0.005666850451728489,0.01671513096303943,0.04870358666543438,0.09616899517669619,0.19178644431960717,0.35127871355501383,0.5574997378397305,0.756443081707456,0.8963763684384413,0.9923636299222233,0.9998535640591308,0.9999993607748974,0.9999999994356185,0.9999999999999112,1.0,0.9999999999999998
clip     | alpha=0.0449013671875,916,0.04870358666543438,0.005666850451728489,0.01671513096303943,0.04870358666543438,0.09616899517669619,0.19178644431960717,0.35127871355501383,0.5574997378397305,0.756443081707456,0.8963763684384413,0.9923636299222233,0.9998535640591308,0.9999993607748974,0.9999999994356185,0.9999999999999112,1.0,0.9999999999999998
clip     | alpha=0.0449013671875,917,0.04873197429136095,0.005666850520140681,0.01671562260402558,0.04873197429136095,0.09629330015396373,0.19216393210255098,0.35207373099774325,0.5586599323877968,0.7576141927851883,0.8971918510319645,0.9924914461437858,0.9998578522753312,0.9999993898311522,0.9999999994724115,0.9999999999999191,1.0,0.9999999999999998
clip     | alpha=0.0449013671875,918,0.04873197429136095,0.005666850520140681,0.01671562260402558,0.04873197429136095,0.09629330015396373,0.19216393210255098,0.35207373099774325,0.5586599323877968,0.7576141927851883,0.8971918510319645,0.9924914461437858,0.9998578522753312,0.9999993898311522,0.9999999994724115,0.9999999999999191,1.0,0.9999999999999998
clip     | alpha=0.0449013671875,919,0.04873197429136095,0.005666850520140681,0.01671562260402558,0.04873197429136095,0.09629330015396373,0.19216393210255098,0.35207373099774325,0.5586599323877968,0.7576141927851883,0.8971918510319645,0.9924914461437858,0.9998578522753312,0.9999993898311522,0.9999999994724115,0.9999999999999191,1.0,0.9999999999999998
clip     | alpha=0.0449013671875,920,0.048746492028924365,0.0056668505513138585,0.016715863591102654,0.048746492028924365,0.09635811653894363,0.1923643842346401,0.3525031547960493,0.5592966341125271,0.7582664153748586,0.8976522170732847,0.992565330264158,0.9998603786573402,0.9999994071958195,0.9999999994946082,0.9999999999999238,1.0,0.9999999999999998
clip     | alpha=0.0449013671875,921,0.048746492028924365,0.0056668505513138585,0.016715863591102654,0.048746492028924365,0.09635811653894363,0.1923643842346401,0.3525031547960493,0.5592966341125271,0.7582664153748586,0.8976522170732847,0.992565330264158,0.9998603786573402,0.9999994071958195,0.9999999994946082,0.9999999999999238,1.0,0.9999999999999998
clip     | alpha=0.0449013671875,922,0.04876494623859616,0.005666850590543359,0.016716169431490485,0.04876494623859616,0.09644047487468983,0.19261878110340272,0.35304705138744186,0.5601007971704386,0.7590871968393382,0.8982289841803359,0.9926568437064498,0.9998634616093345,0.9999994279974919,0.9999999995206114,0.9999999999999293,1.0,0.9999999999999998
clip     | alpha=0.0449013671875,923,0.04876494623859616,0.005666850590543359,0.016716169431490485,0.04876494623859616,0.09644047487468983,0.19261878110340272,0.35304705138744186,0.5601007971704386,0.7590871968393382,0.8982289841803359,0.9926568437064498,0.9998634616093345,0.9999994279974919,0.9999999995206114,0.9999999999999293,1.0,0.9999999999999998
clip     | alpha=0.0449013671875,924,0.04878558496484271,0.005666850633977918,0.016716510928455244,0.04878558496484271,0.09653254553321962,0.19290283697693333,0.35365314191403824,0.5609943971313885,0.75999595887317,0.8988647374748796,0.992756569983622,0.9998667715898342,0.9999994499215513,0.9999999995474127,0.9999999999999347,1.0,0.9999999999999998
clip     | alpha=0.0449013671875,925,0.04878558496484271,0.005666850633977918,0.016716510928455244,0.04878558496484271,0.09653254553321962,0.19290283697693333,0.35365314191403824,0.5609943971313885,0.75999595887317,0.8988647374748796,0.992756569983622,0.9998667715898342,0.9999994499215513,0.9999999995474127,0.9999999999999347,1.0,0.9999999999999998
clip     | alpha=0.0449013671875,926,0.04880775076476812,0.005666850680159747,0.01671687710619413,0.04880775076476812,0.09663138901046155,0.19320742222430587,0.35430173413123484,0.5619479729781631,0.7609622008209179,0.8995376983759605,0.9928609331868582,0.999870184282558,0.999999472111524,0.9999999995739404,0.9999999999999399,1.0,0.9999999999999998
clip     | alpha=0.0449013671875,927,0.04880775076476812,0.005666850680159747,0.01671687710619413,0.04880775076476812,0.09663138901046155,0.19320742222430587,0.35430173413123484,0.5619479729781631,0.7609622008209179,0.8995376983759605,0.9928609331868582,0.999870184282558,0.999999472111524,0.9999999995739404,0.9999999999999399,1.0,0.9999999999999998
clip     | alpha=0.0449013671875,928,0.048831112565098145,0.005666850728346673,0.01671726242429391,0.048831112565098145,0.09673552411600193,0.19352792835090285,0.3549828615306436,0.5629465687525437,0.7619703945253836,0.9002367567238214,0.9929681116621902,0.9998736372407377,0.9999994941516941,0.9999999995997074,0.9999999999999449,1.0,0.9999999999999998
clip     | alpha=0.0449013671875,929,0.048831112565098145,0.005666850728346673,0.01671726242429391,0.048831112565098145,0.09673552411600193,0.19352792835090285,0.3549828615306436,0.5629465687525437,0.7619703945253836,0.9002367567238214,0.9929681116621902,0.9998736372407377,0.9999994941516941,0.9999999995997074,0.9999999999999449,1.0,0.9999999999999998
clip     | alpha=0.0449013671875,930,0.048855474827306074,0.005666850778094684,0.01671766360061144,0.048855474827306074,0.0968440753373848,0.19386162528257778,0.3556906009331018,0.5639812643761817,0.7630112501207241,0.9009552544969481,0.9930770187525726,0.9998770940375824,0.9999995158118473,0.9999999996244713,0.9999999999999496,1.0,0.9999999999999998
clip     | alpha=0.0449013671875,931,0.048855474827306074,0.005666850778094684,0.01671766360061144,0.048855474827306074,0.0968440753373848,0.19386162528257778,0.3556906009331018,0.5639812643761817,0.7630112501207241,0.9009552544969481,0.9930770187525726,0.9998770940375824,0.9999995158118473,0.9999999996244713,0.9999999999999496,1.0,0.9999999999999998
clip     | alpha=0.0449013671875,932,0.048880709745826034,0.005666850829109369,0.01671807848219165,0.048880709745826034,0.09695646988806232,0.19420672219950655,0.3564210524370039,0.5650461635465298,0.7640786077764349,0.9016887718877937,0.9931869390068354,0.9998805314321285,0.9999995369555525,0.9999999996481111,0.9999999999999539,1.0,0.9999999999999998
clip     | alpha=0.0449013671875,933,0.048880709745826034,0.005666850829109369,0.01671807848219165,0.048880709745826034,0.09695646988806232,0.19420672219950655,0.3564210524370039,0.5650461635465298,0.7640786077764349,0.9016887718877937,0.9931869390068354,0.9998805314321285,0.9999995369555525,0.9999999996481111,0.9999999999999539,1.0,0.9999999999999998
clip     | alpha=0.0449013671875,934,0.0489067276987221,0.005666850881181053,0.016718505553054264,0.0489067276987221,0.09707230566587711,0.19456195811507387,0.35717145847997384,0.5661370794872373,0.7651680805470998,0.9024341597663911,0.9932973687891067,0.9998839337260786,0.9999995574996747,0.9999999996705736,0.9999999999999579,1.0,0.9999999999999998
clip     | alpha=0.0449013671875,935,0.0489067276987221,0.005666850881181053,0.016718505553054264,0.0489067276987221,0.09707230566587711,0.19456195811507387,0.35717145847997384,0.5661370794872373,0.7651680805470998,0.9024341597663911,0.9932973687891067,0.9998839337260786,0.9999995574996747,0.9999999996705736,0.9999999999999579,1.0,0.9999999999999998
clip     | alpha=0.0449013671875,936,0.04893346250766532,0.00566685093415237,0.01671894368858745,0.04893346250766532,0.09719128538200154,0.1949263975814458,0.3579397640882058,0.5672508785096474,0.7662763759623478,0.9031890555202972,0.9934079362796548,0.9998872899198546,0.9999995773938908,0.9999999996918455,0.9999999999999616,1.0,0.9999999999999998
clip     | alpha=0.0449013671875,937,0.04893346250766532,0.00566685093415237,0.01671894368858745,0.04893346250766532,0.09719128538200154,0.1949263975814458,0.3579397640882058,0.5672508785096474,0.7662763759623478,0.9031890555202972,0.9934079362796548,0.9998872899198546,0.9999995773938908,0.9999999996918455,0.9999999999999616,1.0,0.9999999999999998
clip     | alpha=0.0449013671875,938,0.0489608633373825,0.005666850987900407,0.016719392020525036,0.0489608633373825,0.09731318035761433,0.1952993183781282,0.35872437501347376,0.5683851187320315,0.7674009223121604,0.9039516160219335,0.9935183571986121,0.9998905921313863,0.9999995966092601,0.999999999711938,0.999999999999965,1.0,0.9999999999999998
clip     | alpha=0.0449013671875,939,0.0489608633373825,0.005666850987900407,0.016719392020525036,0.0489608633373825,0.09731318035761433,0.1952993183781282,0.35872437501347376,0.5683851187320315,0.7674009223121604,0.9039516160219335,0.9935183571986121,0.9998905921313863,0.9999995966092601,0.999999999711938,0.999999999999965,1.0,0.9999999999999998
clip     | alpha=0.0449013671875,940,0.04898888990547394,0.005666851042326104,0.016719849857071478,0.04898888990547394,0.09743780911339038,0.1956801450722276,0.35952401458362504,0.5695378360928355,0.768539647066798,0.9047203590821008,0.9936284084130557,0.9998938346488943,0.9999996151313599,0.999999999730878,0.9999999999999681,1.0,0.9999999999999998
clip     | alpha=0.0449013671875,941,0.04898888990547394,0.005666851042326104,0.016719849857071478,0.04898888990547394,0.09743780911339038,0.1956801450722276,0.35952401458362504,0.5695378360928355,0.768539647066798,0.9047203590821008,0.9936284084130557,0.9998938346488943,0.9999996151313599,0.999999999730878,0.9999999999999681,1.0,0.9999999999999998
clip     | alpha=0.0449013671875,942,0.04898888990547394,0.005666851042326104,0.016719849857071478,0.04898888990547394,0.09743780911339038,0.1956801450722276,0.35952401458362504,0.5695378360928355,0.768539647066798,0.9047203590821008,0.9936284084130557,0.9998938346488943,0.9999996151313599,0.999999999730878,0.9999999999999681,1.0,0.9999999999999998
clip     | alpha=0.0449013671875,943,0.049003199693737474,0.005666851067085782,0.01672007390944511,0.049003199693737474,0.09750268868377418,0.19588204147507565,0.3599552328488372,0.5701694060444196,0.769172801903056,0.9051536336647634,0.9936919200623637,0.9998957418570522,0.9999996261825862,0.9999999997422858,0.99999999999997,1.0,0.9999999999999998
clip     | alpha=0.0449013671875,944,0.049003199693737474,0.005666851067085782,0.01672007390944511,0.049003199693737474,0.09750268868377418,0.19588204147507565,0.3599552328488372,0.5701694060444196,0.769172801903056,0.9051536336647634,0.9936919200623637,0.9998957418570522,0.9999996261825862,0.9999999997422858,0.99999999999997,1.0,0.9999999999999998
clip     | alpha=0.0449013671875,945,0.049021369860163255,0.005666851098210533,0.01672035794965115,0.049021369860163255,0.09758503798348209,0.19613799366577753,0.36050081049075916,0.5709662233166662,0.7699687244737374,0.9056958712343055,0.9937705008474812,0.9998980667075281,0.9999996394068482,0.9999999997556354,0.9999999999999721,1.0,0.9999999999999998
clip     | alpha=0.0449013671875,946,0.049021369860163255,0.005666851098210533,0.01672035794965115,0.049021369860163255,0.09758503798348209,0.19613799366577753,0.36050081049075916,0.5709662233166662,0.7699687244737374,0.9056958712343055,0.9937705008474812,0.9998980667075281,0.9999996394068482,0.9999999997556354,0.9999999999999721,1.0,0.9999999999999998
clip     | alpha=0.0449013671875,947,0.049041670961545124,0.005666851132637739,0.016720674793358467,0.049041670961545124,0.09767700812455532,0.19642350550274087,0.36110817719200233,0.5718507908948283,0.7708490974640931,0.906292976628496,0.9938560497285913,0.9999005603084747,0.9999996533309573,0.9999999997693811,0.9999999999999742,1.0,0.9999999999999998
clip     | alpha=0.0449013671875,948,0.049041670961545124,0.005666851132637739,0.016720674793358467,0.049041670961545124,0.09767700812455532,0.19642350550274087,0.36110817719200233,0.5718507908948283,0.7708490974640931,0.906292976628496,0.9938560497285913,0.9999005603084747,0.9999996533309573,0.9999999997693811,0.9999999999999742,1.0,0.9999999999999998
clip     | alpha=0.0449013671875,949,0.0490634549254606,0.005666851169210208,0.01672101423644475,0.0490634549254606,0.09777565660707241,0.1967293819234217,0.3617575618229084,0.5727938955943633,0.7717843291523839,0.9069244702936738,0.993945497375063,0.9999031290209568,0.9999996674115198,0.9999999997829746,0.9999999999999764,1.0,0.9999999999999998
clip     | alpha=0.0449013671875,950,0.0490634549254606,0.005666851169210208,0.01672101423644475,0.0490634549254606,0.09777565660707241,0.1967293819234217,0.3617575618229084,0.5727938955943633,0.7717843291523839,0.9069244702936738,0.993945497375063,0.9999031290209568,0.9999996674115198,0.9999999997829746,0.9999999999999764,1.0,0.9999999999999998
clip     | alpha=0.0449013671875,951,0.049086396089262116,0.005666851207340314,0.016721371139344642,0.049086396089262116,0.09787950390321071,0.19705099160104197,0.36243898085868725,0.5737807430567122,0.7727593927543218,0.9075799333670358,0.994037285126343,0.9999057259809903,0.9999996813859406,0.9999999997961678,0.9999999999999784,1.0,0.9999999999999998
clip     | alpha=0.0449013671875,952,0.049086396089262116,0.005666851207340314,0.016721371139344642,0.049086396089262116,0.09787950390321071,0.19705099160104197,0.36243898085868725,0.5737807430567122,0.7727593927543218,0.9075799333670358,0.994037285126343,0.9999057259809903,0.9999996813859406,0.9999999997961678,0.9999999999999784,1.0,0.9999999999999998
clip     | alpha=0.0449013671875,953,0.04911030259352024,0.00566685124667755,0.016721742465275993,0.04911030259352024,0.0979876776993819,0.19738559805313372,0.36314651697025346,0.5748025344529984,0.7737653250919234,0.90825314181126,0.9941304865691334,0.9999083239689202,0.9999996951095935,0.9999999998088384,0.9999999999999802,1.0,0.9999999999999998
clip     | alpha=0.0449013671875,954,0.04911030259352024,0.00566685124667755,0.016721742465275993,0.04911030259352024,0.0979876776993819,0.19738559805313372,0.36314651697025346,0.5748025344529984,0.7737653250919234,0.90825314181126,0.9941304865691334,0.9999083239689202,0.9999996951095935,0.9999999998088384,0.9999999999999802,1.0,0.9999999999999998
clip     | alpha=0.0449013671875,955,0.049135049372346216,0.0056668512869902255,0.016722126227703294,0.049135049372346216,0.0980996088373901,0.19773141118764356,0.3638762851627568,0.5758534708310855,0.7747962014156091,0.9089399774955111,0.9942244940709479,0.9999109056997629,0.9999997084973438,0.9999999998209259,0.9999999999999819,1.0,0.9999999999999998
clip     | alpha=0.0449013671875,956,0.049135049372346216,0.0056668512869902255,0.016722126227703294,0.049135049372346216,0.0980996088373901,0.19773141118764356,0.3638762851627568,0.5758534708310855,0.7747962014156091,0.9089399774955111,0.9942244940709479,0.9999109056997629,0.9999997084973438,0.9999999998209259,0.9999999999999819,1.0,0.9999999999999998
clip     | alpha=0.0449013671875,957,0.04916054895859503,0.0056668513281138404,0.016722521031646457,0.04916054895859503,0.09821489883325377,0.19808717397052367,0.36462554612571646,0.5769294465355712,0.7758478150705989,0.9096375157052166,0.9943188815189276,0.9999134595572168,0.9999997214977624,0.9999999998324047,0.9999999999999835,1.0,0.9999999999999998
clip     | alpha=0.0449013671875,958,0.04916054895859503,0.0056668513281138404,0.016722521031646457,0.04916054895859503,0.09821489883325377,0.19808717397052367,0.36462554612571646,0.5769294465355712,0.7758478150705989,0.9096375157052166,0.9943188815189276,0.9999134595572168,0.9999997214977624,0.9999999998324047,0.9999999999999835,1.0,0.9999999999999998
clip     | alpha=0.0449013671875,959,0.04918673692976001,0.005666851369925287,0.016722925844947965,0.04918673692976001,0.09833325382824878,0.19845195631169874,0.36539226392474616,0.5780273970543552,0.7769170179794933,0.9103435688919249,0.9944133354939417,0.9999159774463668,0.9999997340801,0.9999999998432691,0.9999999999999849,1.0,0.9999999999999998
clip     | alpha=0.0449013671875,960,0.04918673692976001,0.005666851369925287,0.016722925844947965,0.04918673692976001,0.09833325382824878,0.19845195631169874,0.36539226392474616,0.5780273970543552,0.7769170179794933,0.9103435688919249,0.9944133354939417,0.9999159774463668,0.9999997340801,0.9999999998432691,0.9999999999999849,1.0,0.9999999999999998
clip     | alpha=0.0449013671875,961,0.04921356391674898,0.005666851412328663,0.01672333987264146,0.04921356391674898,0.09845444832047011,0.19882504185701133,0.36617486296105034,0.5791449404482354,0.7780013577101785,0.9110564353109663,0.9945076172275248,0.9999184536016933,0.9999997462270336,0.9999999998535262,0.9999999999999862,1.0,0.9999999999999998
clip     | alpha=0.0449013671875,962,0.04921356391674898,0.005666851412328663,0.01672333987264146,0.04921356391674898,0.09845444832047011,0.19882504185701133,0.36617486296105034,0.5791449404482354,0.7780013577101785,0.9110564353109663,0.9945076172275248,0.9999184536016933,0.9999997462270336,0.9999999998535262,0.9999999999999862,1.0,0.9999999999999998
clip     | alpha=0.0449013671875,963,0.0492409908836609,0.005666851455246864,0.01672376248271752,0.0492409908836609,0.09857830374003314,0.19920586109485405,0.36697208429412315,0.5802801652282198,0.7790988625633231,0.9117747499803881,0.9946015399599412,0.9999208838743522,0.9999997579303196,0.9999999998631904,0.9999999999999875,1.0,0.9999999999999998
clip     | alpha=0.0449013671875,964,0.0492409908836609,0.005666851455246864,0.01672376248271752,0.0492409908836609,0.09857830374003314,0.19920586109485405,0.36697208429412315,0.5802801652282198,0.7790988625633231,0.9117747499803881,0.9946015399599412,0.9999208838743522,0.9999997579303196,0.9999999998631904,0.9999999999999875,1.0,0.9999999999999998
clip     | alpha=0.0449013671875,965,0.0492409908836609,0.005666851455246864,0.01672376248271752,0.0492409908836609,0.09857830374003314,0.19920586109485405,0.36697208429412315,0.5802801652282198,0.7790988625633231,0.9117747499803881,0.9946015399599412,0.9999208838743522,0.9999997579303196,0.9999999998631904,0.9999999999999875,1.0,0.9999999999999998
clip     | alpha=0.0449013671875,966,0.049254988529357564,0.0056668514747631165,0.01672396920765387,0.049254988529357564,0.09864275310582549,0.19940766706272203,0.36740181433009494,0.5809018846218915,0.7797088368715265,0.9121794289795131,0.9946557204834743,0.999922312717953,0.9999997649101038,0.9999999998690088,0.9999999999999882,1.0,0.9999999999999998
clip     | alpha=0.0449013671875,967,0.049254988529357564,0.0056668514747631165,0.01672396920765387,0.049254988529357564,0.09864275310582549,0.19940766706272203,0.36740181433009494,0.5809018846218915,0.7797088368715265,0.9121794289795131,0.9946557204834743,0.999922312717953,0.9999997649101038,0.9999999998690088,0.9999999999999882,1.0,0.9999999999999998
clip     | alpha=0.0449013671875,968,0.049272756643886015,0.005666851499288622,0.016724231197094434,0.049272756643886015,0.09872453011890364,0.19966342252965585,0.3679453346396776,0.5816860223424962,0.780475373806838,0.91268571706859,0.9947227346809003,0.9999240538923618,0.9999997732596644,0.9999999998758153,0.9999999999999891,1.0,0.9999999999999998
clip     | alpha=0.0449013671875,969,0.049272756643886015,0.005666851499288622,0.016724231197094434,0.049272756643886015,0.09872453011890364,0.19966342252965585,0.3679453346396776,0.5816860223424962,0.780475373806838,0.91268571706859,0.9947227346809003,0.9999240538923618,0.9999997732596644,0.9999999998758153,0.9999999999999891,1.0,0.9999999999999998
clip     | alpha=0.0449013671875,970,0.04929260224539929,0.005666851526407773,0.016724523350721027,0.04929260224539929,0.09881583214457954,0.1999486244333111,0.368550219086264,0.5825562379147555,0.7813229743034269,0.9132430584978609,0.9947956681746086,0.9999259208584539,0.9999997820483073,0.9999999998828217,0.99999999999999,1.0,0.9999999999999998
clip     | alpha=0.0449013671875,971,0.04929260224539929,0.005666851526407773,0.016724523350721027,0.04929260224539929,0.09881583214457954,0.1999486244333111,0.368550219086264,0.5825562379147555,0.7813229743034269,0.9132430584978609,0.9947956681746086,0.9999259208584539,0.9999997820483073,0.9999999998828217,0.99999999999999,1.0,0.9999999999999998
clip     | alpha=0.0449013671875,972,0.049313890877203614,0.005666851555207924,0.01672483624623599,0.049313890877203614,0.09891373382461786,0.20025407467725806,0.3691967504839039,0.583483754998221,0.7822231139302459,0.9138323165228169,0.9948719020112513,0.9999278434682347,0.9999997909329625,0.9999999998897483,0.9999999999999908,1.0,0.9999999999999998
clip     | alpha=0.0449013671875,973,0.049313890877203614,0.005666851555207924,0.01672483624623599,0.049313890877203614,0.09891373382461786,0.20025407467725806,0.3691967504839039,0.583483754998221,0.7822231139302459,0.9138323165228169,0.9948719020112513,0.9999278434682347,0.9999997909329625,0.9999999998897483,0.9999999999999908,1.0,0.9999999999999998
clip     | alpha=0.0449013671875,974,0.04933630373376109,0.005666851585225763,0.016725165138282552,0.04933630373376109,0.09901676433541211,0.20057514081931213,0.36987497393162033,0.5844540034561377,0.7831613120031798,0.9144437590780665,0.994950107009996,0.9999297866429077,0.9999997997480236,0.9999999998964689,0.9999999999999916,1.0,0.9999999999999998
clip     | alpha=0.0449013671875,975,0.04933630373376109,0.005666851585225763,0.016725165138282552,0.04933630373376109,0.09901676433541211,0.20057514081931213,0.36987497393162033,0.5844540034561377,0.7831613120031798,0.9144437590780665,0.994950107009996,0.9999297866429077,0.9999997997480236,0.9999999998964689,0.9999999999999916,1.0,0.9999999999999998
clip     | alpha=0.0449013671875,976,0.04935965302611936,0.005666851616185064,0.016725507223616272,0.04935965302611936,0.09912405664937406,0.20090908631753185,0.3705789907439916,0.5854583210142742,0.7841289351362835,0.9150715757837403,0.9950294938106784,0.9999317300312165,0.9999998084024264,0.9999999999029214,0.9999999999999923,1.0,0.9999999999999998
clip     | alpha=0.0449013671875,977,0.04935965302611936,0.005666851616185064,0.016725507223616272,0.04935965302611936,0.09912405664937406,0.20090908631753185,0.3705789907439916,0.5854583210142742,0.7841289351362835,0.9150715757837403,0.9950294938106784,0.9999317300312165,0.9999998084024264,0.9999999999029214,0.9999999999999923,1.0,0.9999999999999998
clip     | alpha=0.0449013671875,978,0.04938381637435776,0.0056668516479033496,0.01672586066908417,0.04938381637435776,0.09923504521764348,0.20125412163835993,0.37130492976135815,0.5864910016373039,0.7851202801512099,0.9157119251033918,0.995109545216881,0.9999336607286029,0.9999998168426855,0.9999999999090754,0.999999999999993,1.0,0.9999999999999998
clip     | alpha=0.0449013671875,979,0.04938381637435776,0.0056668516479033496,0.01672586066908417,0.04938381637435776,0.09923504521764348,0.20125412163835993,0.37130492976135815,0.5864910016373039,0.7851202801512099,0.9157119251033918,0.995109545216881,0.9999336607286029,0.9999998168426855,0.9999999999090754,0.999999999999993,1.0,0.9999999999999998
clip     | alpha=0.0449013671875,980,0.0494087082199066,0.005666851680251161,0.016726224187966328,0.0494087082199066,0.09934933423039469,0.20160899067906093,0.3720500628388479,0.5875480079854187,0.786131300755067,0.9163620811888591,0.9951898989808827,0.9999355700780789,0.9999998250365926,0.9999999999149178,0.9999999999999937,1.0,0.9999999999999998
clip     | alpha=0.0449013671875,981,0.0494087082199066,0.005666851680251161,0.016726224187966328,0.0494087082199066,0.09934933423039469,0.20160899067906093,0.3720500628388479,0.5875480079854187,0.786131300755067,0.9163620811888591,0.9951898989808827,0.9999355700780789,0.9999998250365926,0.9999999999149178,0.9999999999999937,1.0,0.9999999999999998
clip     | alpha=0.0449013671875,982,0.049434265572408494,0.005666851713131694,0.0167265968286878,0.049434265572408494,0.09946663192977227,0.2019727645071755,0.37281236355381864,0.588626328689534,0.787158971435799,0.917020007253943,0.995270289024805,0.9999374520599035,0.999999832964984,0.9999999999204462,0.9999999999999942,1.0,0.9999999999999998
clip     | alpha=0.0449013671875,983,0.049434265572408494,0.005666851713131694,0.0167265968286878,0.049434265572408494,0.09946663192977227,0.2019727645071755,0.37281236355381864,0.588626328689534,0.787158971435799,0.917020007253943,0.995270289024805,0.9999374520599035,0.999999832964984,0.9999999999204462,0.9999999999999942,1.0,0.9999999999999998
clip     | alpha=0.0449013671875,984,0.049460440182965006,0.005666851746469607,0.01672697785875733,0.049460440182965006,0.09958671453658827,0.2023447280608963,0.3735902647003559,0.5897236249328149,0.7882009373846603,0.9176841205154586,0.995350512949915,0.9999393023977143,0.999999840617156,0.9999999999256642,0.9999999999999948,1.0,0.9999999999999998
clip     | alpha=0.0449013671875,985,0.049460440182965006,0.005666851746469607,0.01672697785875733,0.049460440182965006,0.09958671453658827,0.2023447280608963,0.3735902647003559,0.5897236249328149,0.7882009373846603,0.9176841205154586,0.995350512949915,0.9999393023977143,0.999999840617156,0.9999999999256642,0.9999999999999948,1.0,0.9999999999999998
clip     | alpha=0.0449013671875,986,0.0494871939207109,0.005666851780204384,0.016727366696183042,0.0494871939207109,0.09970940493919185,0.2027243131966995,0.3743825149183356,0.590838021362646,0.7892553071847017,0.9183531528138031,0.9954304126996583,0.9999411180241332,0.9999998479881191,0.9999999999305795,0.9999999999999952,1.0,0.9999999999999998
clip     | alpha=0.0449013671875,987,0.0494871939207109,0.005666851780204384,0.016727366696183042,0.0494871939207109,0.09970940493919185,0.2027243131966995,0.3743825149183356,0.590838021362646,0.7892553071847017,0.9183531528138031,0.9954304126996583,0.9999411180241332,0.9999998479881191,0.9999999999305795,0.9999999999999952,1.0,0.9999999999999998
clip     | alpha=0.0449013671875,988,0.0494871939207109,0.005666851780204384,0.016727366696183042,0.0494871939207109,0.09970940493919185,0.2027243131966995,0.3743825149183356,0.590838021362646,0.7892553071847017,0.9183531528138031,0.9954304126996583,0.9999411180241332,0.9999998479881191,0.9999999999305795,0.9999999999999952,1.0,0.9999999999999998
clip     | alpha=0.0449013671875,989,0.04950084490060291,0.00566685179554119,0.01672755685795956,0.04950084490060291,0.09977323369400133,0.20292541986469606,0.3748094691406795,0.5914481963653734,0.7898411757534809,0.9187299825473305,0.9954764935033449,0.9999421852548928,0.9999998523831362,0.9999999999335382,0.9999999999999956,1.0,0.9999999999999998
clip     | alpha=0.0449013671875,990,0.04950084490060291,0.00566685179554119,0.01672755685795956,0.04950084490060291,0.09977323369400133,0.20292541986469606,0.3748094691406795,0.5914481963653734,0.7898411757534809,0.9187299825473305,0.9954764935033449,0.9999421852548928,0.9999998523831362,0.9999999999335382,0.9999999999999956,1.0,0.9999999999999998
clip     | alpha=0.0449013671875,991,0.04951816994920128,0.005666851814811147,0.016727797814341187,0.04951816994920128,0.09985420912237947,0.20318024465614276,0.37534938448010224,0.5922176396774856,0.7905772913650776,0.9192013466363518,0.9955334794746155,0.9999434855448298,0.9999998576397549,0.9999999999369986,0.9999999999999959,1.0,0.9999999999999998
clip     | alpha=0.0449013671875,992,0.04951816994920128,0.005666851814811147,0.016727797814341187,0.04951816994920128,0.09985420912237947,0.20318024465614276,0.37534938448010224,0.5922176396774856,0.7905772913650776,0.9192013466363518,0.9955334794746155,0.9999434855448298,0.9999998576397549,0.9999999999369986,0.9999999999999959,1.0,0.9999999999999998
clip     | alpha=0.0449013671875,993,0.04953751725788738,0.005666851836115191,0.01672806646573901,0.04953751725788738,0.09994460020770805,0.2034643584694345,0.37595015067164406,0.5930713967440437,0.7913911094231625,0.9197201506016458,0.9955954879894152,0.9999448795280111,0.9999998631718272,0.9999999999405601,0.9999999999999962,1.0,0.9999999999999998
clip     | alpha=0.0449013671875,994,0.04953751725788738,0.005666851836115191,0.01672806646573901,0.04953751725788738,0.09994460020770805,0.2034643584694345,0.37595015067164406,0.5930713967440437,0.7913911094231625,0.9197201506016458,0.9955954879894152,0.9999448795280111,0.9999998631718272,0.9999999999405601,0.9999999999999962,1.0,0.9999999999999998
clip     | alpha=0.0449013671875,995,0.04955826771036044,0.0056668518587357965,0.016728354139788754,0.04955826771036044,0.10004150803546592,0.20376858979642992,0.3765921672070413,0.5939812113496807,0.7922552204102715,0.9202685677066634,0.9956602910645248,0.9999463148051824,0.9999998687633506,0.9999999999440804,0.9999999999999966,1.0,0.9999999999999998
clip     | alpha=0.0449013671875,996,0.04955826771036044,0.0056668518587357965,0.016728354139788754,0.04955826771036044,0.10004150803546592,0.20376858979642992,0.3765921672070413,0.5939812113496807,0.7922552204102715,0.9202685677066634,0.9956602910645248,0.9999463148051824,0.9999998687633506,0.9999999999440804,0.9999999999999966,1.0,0.9999999999999998
clip     | alpha=0.0449013671875,997,0.049580110170531426,0.005666851882308718,0.01672865646839424,0.049580110170531426,0.10014347490528032,0.20408831913217562,0.3772655374396902,0.5949327763693257,0.7931557100138261,0.9208375328593232,0.9957267581860972,0.9999477651824745,0.9999998743101108,0.9999999999474954,0.9999999999999969,1.0,0.9999999999999998
clip     | alpha=0.0449013671875,998,0.049580110170531426,0.005666851882308718,0.01672865646839424,0.049580110170531426,0.10014347490528032,0.20408831913217562,0.3772655374396902,0.5949327763693257,0.7931557100138261,0.9208375328593232,0.9957267581860972,0.9999477651824745,0.9999998743101108,0.9999999999474954,0.9999999999999969,1.0,0.9999999999999998
clip     | alpha=0.0449013671875,999,0.04960286134908647,0.005666851906616815,0.016728970871016505,0.04960286134908647,0.10024964144957567,0.2044208174130128,0.37796439711017277,0.5959175862513635,0.794084283425479,0.9214216348807927,0.9957942182103993,0.9999492154715348,0.9999998797548493,0.9999999999507736,0.9999999999999972,1.0,0.9999999999999998
clip     | alpha=0.0449013671875,1000,0.04960286134908647,0.005666851906616815,0.016728970871016505,0.04960286134908647,0.10024964144957567,0.2044208174130128,0.37796439711017277,0.5959175862513635,0.794084283425479,0.9214216348807927,0.9957942182103993,0.9999492154715348,0.9999998797548493,0.9999999999507736,0.9999999999999972,1.0,0.9999999999999998
